28
30
53
75
96
117
140
162
184
207
230
253
273
295
313
334
354
371
389
407
423
437
451
466
474
478
482
483
484
1
2
3
4
6
5
8
11
12
7
9
10
13
14
16
15
19
17
21
20
25
18
22
23
0
3
2
4
5
6
7
11
12
8
9
13
10
18
14
17
15
16
21
23
20
22
19
0
5
1
6
3
7
8
4
9
11
10
14
15
13
18
17
12
16
23
19
22
24
0
1
4
2
5
6
7
8
10
9
13
11
17
14
16
12
15
19
21
23
22
0
1
3
5
2
7
10
6
11
8
13
9
12
14
18
15
16
21
20
19
17
2
4
1
3
0
8
9
6
11
10
7
13
16
14
12
17
18
15
24
21
19
22
20
2
0
1
3
10
8
4
9
5
7
11
15
12
13
14
16
18
17
20
21
19
22
2
1
4
3
8
0
11
6
5
14
12
13
15
9
17
10
18
16
22
19
20
25
2
0
6
5
1
3
7
4
12
10
9
15
16
14
11
21
18
13
17
19
20
27
23
2
6
1
5
0
3
4
8
10
12
7
20
11
16
19
17
13
18
14
15
21
25
22
6
4
3
1
2
8
0
9
5
11
13
16
15
7
18
12
14
17
22
21
20
23
19
1
2
4
0
7
5
10
3
6
12
8
14
9
13
15
21
19
22
16
18
1
0
8
4
7
11
9
17
5
6
14
3
10
2
16
13
21
19
22
18
24
20
1
4
0
5
3
10
2
15
7
6
14
8
11
12
9
17
23
20
2
0
3
5
4
7
8
13
12
11
1
10
6
18
20
15
9
16
22
19
21
2
8
13
6
0
7
16
10
4
5
18
3
11
1
14
9
21
26
20
17
5
10
0
3
15
8
9
2
12
4
6
7
1
21
14
18
11
3
2
12
5
7
0
10
1
20
8
9
6
18
22
15
4
13
24
2
4
1
10
8
5
7
15
14
6
17
9
19
16
0
22
12
11
0
9
8
2
3
18
11
5
6
12
4
14
22
7
10
1
9
17
14
6
4
0
1
8
5
15
10
12
7
13
8
4
0
16
11
5
1
6
12
15
3
10
9
14
10
2
14
5
18
11
0
12
6
7
17
1
19
3
9
2
1
0
10
8
13
25
3
5
2
12
17
0
9
23
7
15
8
