120
122
232
340
451
560
669
778
889
995
1103
1213
1320
1427
1539
1648
1756
1865
1972
2078
2187
2296
2405
2514
2626
2734
2844
2950
3058
3166
3273
3383
3491
3599
3707
3815
3924
4031
4140
4250
4356
4464
4569
4672
4780
4890
4998
5102
5206
5310
5418
5525
5630
5736
5841
5947
6052
6158
6267
6371
6479
6585
6687
6790
6895
6996
7099
7205
7308
7409
7512
7617
7719
7823
7925
8031
8130
8233
8338
8442
8543
8643
8743
8843
8941
9043
9142
9240
9335
9436
9533
9628
9723
9820
9912
10002
10097
10187
10268
10358
10447
10527
10598
10671
10737
10810
10877
10935
10990
11044
11080
11110
11135
11153
11170
11183
11189
11197
11199
11200
11201
1
2
3
4
6
5
8
11
12
7
9
10
13
14
16
15
19
17
21
20
25
18
22
23
27
28
24
26
29
30
33
31
36
37
35
34
39
44
42
38
32
47
40
43
41
50
45
52
48
51
49
46
54
59
53
55
56
58
61
60
62
57
68
63
64
66
70
71
65
69
74
67
78
72
75
73
84
77
76
85
81
80
88
82
79
87
90
92
86
93
83
94
95
91
100
89
104
105
98
97
103
96
99
109
112
111
106
0
3
2
4
5
6
7
11
12
8
9
13
10
18
14
17
15
16
21
23
20
22
19
28
25
24
31
26
27
33
29
30
35
34
41
32
40
38
36
37
44
43
47
39
45
42
46
48
56
50
53
54
51
52
49
61
60
57
58
62
55
64
59
71
63
65
69
67
73
66
72
77
68
76
78
79
81
70
86
80
83
84
87
74
85
90
82
75
88
89
98
96
93
101
97
99
94
91
100
92
107
111
95
114
103
108
110
104
113
109
0
5
1
6
3
7
8
4
9
11
10
14
15
13
18
17
12
16
23
19
22
24
20
21
26
29
28
25
32
27
31
34
33
30
37
40
39
44
36
35
43
42
41
38
48
46
53
45
47
50
56
55
54
51
60
49
61
59
62
63
66
65
52
64
67
70
58
69
75
57
78
71
72
77
68
76
79
73
83
81
88
82
74
85
90
87
80
89
94
84
86
95
91
92
93
100
97
96
101
102
103
99
109
108
106
107
98
104
0
1
4
2
5
6
7
8
10
9
13
11
17
14
16
12
15
19
21
23
22
25
24
18
27
20
26
28
29
34
30
32
35
31
39
38
36
33
43
37
45
41
40
42
48
47
49
50
51
44
46
54
56
53
52
61
55
60
67
62
57
65
63
58
68
70
59
69
77
73
64
72
79
75
76
74
66
71
85
81
83
78
88
80
82
93
86
94
90
89
84
91
99
96
97
92
87
98
103
107
101
106
95
113
102
109
114
108
100
104
110
0
1
3
5
2
7
10
6
11
8
13
9
12
14
18
15
16
21
20
19
17
23
25
22
24
29
31
32
27
26
30
28
37
33
34
38
39
43
36
40
46
44
35
42
41
47
48
52
49
45
53
56
57
55
51
50
54
59
58
61
62
64
65
60
67
63
68
74
70
66
77
76
69
71
72
73
81
80
78
84
79
82
85
87
83
88
86
90
75
94
91
92
96
89
95
101
93
98
102
105
106
108
107
97
100
99
104
114
110
2
4
1
3
0
8
9
6
11
10
7
13
16
14
12
17
18
15
24
21
19
22
20
23
27
25
31
28
29
37
26
30
32
33
36
34
40
38
35
41
45
42
39
44
48
43
49
47
46
50
54
52
51
53
59
57
60
55
68
56
64
65
66
69
63
58
67
61
62
76
74
72
70
71
78
77
81
75
84
79
73
83
82
80
92
86
88
89
85
87
91
93
90
99
96
101
98
95
94
107
108
110
97
100
105
102
113
109
111
2
0
1
3
10
8
4
9
5
7
11
15
12
13
14
16
18
17
20
21
19
22
23
25
24
28
27
26
29
33
39
34
30
32
31
35
38
41
44
40
36
42
37
46
47
45
51
50
43
56
48
54
57
53
60
55
52
49
58
59
65
63
62
61
64
69
67
68
66
73
71
74
72
70
75
82
78
83
80
79
81
91
87
85
89
77
76
86
84
88
90
96
94
97
101
92
93
103
102
95
106
104
107
109
99
105
108
98
113
2
1
4
3
8
0
11
6
5
14
12
13
15
9
17
10
18
16
22
19
20
25
21
24
28
26
30
29
23
27
33
36
38
35
39
34
32
43
46
31
40
44
42
37
47
41
48
45
52
53
56
57
50
49
51
55
61
59
65
54
58
68
64
62
67
60
74
69
66
70
73
75
76
72
63
71
83
79
78
82
84
81
87
77
88
85
86
80
97
94
89
92
95
101
96
90
93
98
99
91
107
102
103
104
100
105
108
109
116
113
119
2
0
6
5
1
3
7
4
12
10
9
15
16
14
11
21
18
13
17
19
20
27
23
24
30
28
22
25
26
29
31
33
37
34
36
35
39
40
38
32
46
41
45
49
44
42
43
47
54
57
52
53
48
58
50
51
59
56
63
60
55
61
65
62
68
64
71
74
76
78
73
67
70
72
81
84
87
75
69
82
77
79
86
80
66
85
92
90
83
91
94
97
93
88
89
101
104
95
98
105
96
102
100
116
112
99
2
6
1
5
0
3
4
8
10
12
7
20
11
16
19
17
13
18
14
15
21
25
22
26
27
28
24
30
23
29
33
34
36
31
42
37
40
38
32
41
44
39
35
46
45
51
43
47
49
48
53
52
56
54
57
50
55
60
64
61
59
58
71
70
63
66
65
67
69
62
73
68
77
72
76
75
80
74
79
87
81
84
78
82
89
91
86
88
83
85
97
90
98
96
102
93
92
100
99
94
108
95
103
105
107
104
106
111
6
4
3
1
2
8
0
9
5
11
13
16
15
7
18
12
14
17
22
21
20
23
19
26
24
27
31
25
34
33
32
30
28
29
35
36
38
37
39
40
42
46
45
48
49
41
50
52
44
55
43
47
51
53
56
60
62
64
58
54
59
63
61
57
73
68
70
77
75
69
65
74
67
80
79
76
66
82
84
78
86
81
72
89
71
83
93
85
87
99
91
98
90
92
94
102
96
88
97
100
95
107
101
110
106
105
103
104
111
112
1
2
4
0
7
5
10
3
6
12
8
14
9
13
15
21
19
22
16
18
26
24
20
27
17
33
25
23
31
36
35
29
37
30
32
34
28
41
44
39
38
43
49
45
48
47
42
50
46
40
59
56
51
54
57
62
53
63
52
55
58
61
65
64
66
70
69
60
68
71
67
73
74
80
77
72
84
76
83
86
78
75
79
85
87
81
93
82
92
91
97
90
88
98
94
104
89
101
99
95
102
103
96
107
106
111
110
1
0
8
4
7
11
9
17
5
6
14
3
10
2
16
13
21
19
22
18
24
20
15
23
25
26
27
28
32
33
30
38
34
29
36
35
31
39
37
41
43
45
40
44
46
49
42
52
51
47
48
54
50
53
56
60
57
59
62
55
61
58
64
63
66
70
67
72
65
73
68
69
74
79
71
77
76
78
80
75
88
85
81
87
82
95
84
86
83
92
97
98
96
91
90
89
93
102
100
94
106
103
101
108
99
104
116
1
4
0
5
3
10
2
15
7
6
14
8
11
12
9
17
23
20
16
19
22
26
31
24
18
28
25
27
21
30
34
37
29
32
35
45
38
40
39
43
33
42
48
41
36
46
49
44
47
50
55
52
57
56
54
58
51
53
59
61
64
60
66
62
68
70
74
67
63
71
65
72
77
73
75
69
83
79
76
82
84
87
81
86
80
90
78
88
85
97
94
89
101
98
95
93
92
100
91
99
96
108
104
107
103
102
105
109
110
106
113
114
2
0
3
5
4
7
8
13
12
11
1
10
6
18
20
15
9
16
22
19
21
28
26
30
23
17
36
31
24
27
34
25
33
37
29
39
35
40
32
38
41
42
50
52
43
48
44
49
45
53
54
51
55
46
61
65
47
58
63
56
57
60
59
70
68
73
64
62
72
67
69
74
66
80
71
79
76
77
85
75
81
86
83
90
82
96
88
89
87
94
78
91
95
93
84
102
97
99
92
110
106
100
104
98
117
107
105
111
101
2
8
13
6
0
7
16
10
4
5
18
3
11
1
14
9
21
26
20
17
23
22
12
19
24
25
29
32
31
30
27
28
36
33
37
35
39
41
43
42
34
44
38
40
48
45
47
49
46
55
53
52
50
60
58
51
54
61
57
65
56
69
64
62
63
68
59
70
72
71
73
77
78
67
66
83
79
75
86
74
76
84
80
81
85
92
82
95
90
94
89
88
98
93
91
87
101
100
99
109
105
108
103
97
96
107
106
110
5
10
0
3
15
8
9
2
12
4
6
7
1
21
14
18
11
22
13
20
17
23
25
32
19
24
28
29
31
26
30
34
33
37
36
35
27
40
42
41
44
47
43
45
50
39
48
38
52
54
46
56
49
57
58
51
53
55
67
63
60
59
61
71
64
69
65
70
75
62
78
72
74
77
68
66
73
76
79
87
83
84
82
93
85
89
81
80
90
88
92
86
97
98
102
100
94
91
106
95
105
96
104
101
107
99
108
109
114
3
2
12
5
7
0
10
1
20
8
9
6
18
22
15
4
13
24
19
21
16
23
11
14
25
30
27
26
28
29
34
31
32
35
38
37
39
33
40
42
46
43
44
51
36
41
47
50
48
45
52
49
53
56
57
59
54
55
58
69
60
65
61
64
70
68
62
72
63
67
76
78
75
66
73
74
71
77
79
81
82
88
91
80
86
84
94
90
89
83
93
92
95
98
85
96
87
106
100
102
99
103
105
104
97
108
112
2
4
1
10
8
5
7
15
14
6
17
9
19
16
0
22
12
11
23
21
3
20
24
25
13
28
31
27
29
33
34
26
32
30
35
40
38
42
39
45
36
43
47
37
44
46
41
54
50
51
55
49
53
52
64
48
61
57
59
56
58
62
67
68
60
63
70
71
65
77
76
69
66
79
74
84
73
83
86
85
87
88
72
89
81
99
78
90
75
80
82
91
94
100
92
106
96
97
93
101
95
111
113
108
104
102
0
9
8
2
3
18
11
5
6
12
4
14
22
7
10
1
17
13
21
20
23
28
26
15
16
27
24
25
36
32
29
33
30
34
35
39
40
44
31
37
38
43
51
46
45
42
47
49
41
52
50
56
60
54
57
48
59
61
55
63
53
66
64
58
68
65
70
62
67
69
75
73
74
72
71
80
77
76
79
78
83
82
81
87
94
84
86
88
90
89
91
85
95
105
93
92
96
102
97
100
101
99
107
104
103
108
106
109
98
9
17
14
6
4
0
1
8
5
15
10
12
7
13
2
21
16
22
19
24
18
3
11
33
26
23
25
27
29
37
34
31
28
30
32
35
40
41
45
39
46
44
36
50
43
42
47
38
48
53
57
55
49
52
56
51
61
54
64
62
60
58
59
67
68
73
74
63
72
69
70
71
65
66
80
75
81
76
77
83
82
79
89
85
84
90
88
78
95
94
92
87
86
91
104
99
101
96
97
100
98
93
106
107
105
103
102
108
109
8
4
0
16
11
5
1
6
12
15
3
10
9
14
20
18
2
19
7
17
22
25
23
27
28
24
13
35
32
30
29
31
33
34
36
37
38
26
43
39
48
41
42
45
44
40
54
46
52
59
47
50
53
57
55
62
56
61
60
49
51
58
65
67
68
63
66
72
73
70
64
75
69
82
79
71
80
74
77
76
78
86
81
83
84
94
91
96
85
87
90
89
98
92
93
105
99
100
88
95
107
101
102
109
97
104
110
106
112
10
2
14
5
18
11
0
12
6
7
17
1
19
3
9
16
15
20
21
4
13
8
28
29
25
31
26
27
32
34
30
23
24
39
33
36
38
35
41
37
40
42
46
44
47
53
43
56
49
51
57
58
54
55
50
48
45
64
62
52
59
60
68
63
66
67
70
61
65
75
74
72
69
71
77
80
73
81
84
85
79
83
87
90
89
78
82
95
76
97
86
92
91
103
88
100
98
99
94
111
93
101
114
104
108
96
109
107
105
2
1
0
10
8
13
25
3
18
4
15
5
6
12
26
19
16
17
21
31
14
24
20
30
11
7
28
9
33
35
34
29
27
22
42
36
32
39
38
43
45
41
49
48
44
37
46
47
53
50
55
40
52
54
58
60
56
59
57
62
61
51
68
63
67
72
76
66
65
70
74
69
64
78
82
73
77
75
71
79
81
84
83
90
85
80
87
91
92
93
96
86
101
88
94
106
89
110
107
97
102
95
99
104
98
114
103
111
109
100
105
117
5
2
12
17
8
7
3
6
20
4
13
18
10
11
0
1
15
9
16
23
21
26
30
19
14
31
27
33
28
22
37
29
36
32
34
38
25
41
40
35
43
44
39
48
42
45
49
52
46
54
47
50
53
56
51
55
59
57
62
64
58
61
70
68
63
67
60
66
65
78
69
73
80
71
74
77
75
72
76
88
81
79
86
83
90
87
82
97
84
89
95
91
96
93
100
85
92
101
102
94
99
98
108
107
110
105
103
115
0
9
23
7
6
3
4
12
1
2
5
21
18
16
26
10
8
17
22
11
15
13
29
28
20
19
27
14
30
35
31
33
37
32
24
42
39
44
41
38
45
34
40
36
47
43
48
46
53
51
52
49
62
50
54
59
57
58
60
65
64
55
56
61
63
68
67
71
74
70
73
72
78
80
82
69
81
76
85
77
66
75
84
86
87
91
83
79
97
88
92
98
94
99
89
90
104
95
100
102
107
109
101
108
105
113
103
93
96
106
15
2
14
10
9
23
13
11
12
7
19
25
3
17
20
4
0
6
8
24
1
22
33
16
29
28
27
36
18
35
5
31
32
21
30
38
44
34
39
37
42
40
48
47
41
43
46
54
53
50
45
49
55
52
51
60
56
59
58
66
68
69
57
61
62
74
72
70
75
71
64
78
67
76
63
65
77
81
82
85
80
92
86
79
84
73
83
87
90
89
94
96
93
91
88
98
103
105
99
95
102
97
101
104
100
106
8
0
6
5
9
3
2
11
10
12
17
21
4
13
35
1
19
15
22
28
29
18
20
25
32
14
7
31
26
24
34
23
37
16
36
39
30
38
41
44
33
50
43
40
49
47
45
48
46
52
42
54
60
53
57
51
62
59
61
55
66
58
63
64
56
74
69
65
71
81
73
67
76
68
82
72
78
83
77
75
70
84
87
80
89
85
79
86
88
96
92
93
100
90
95
103
98
91
97
101
104
99
102
107
108
105
94
109
14
1
7
6
8
2
19
22
9
0
13
12
5
17
21
16
3
4
18
33
23
25
27
32
15
10
26
40
30
34
24
38
29
20
35
31
11
37
45
48
44
36
42
50
47
41
39
58
46
63
43
51
60
55
56
57
59
62
54
49
53
52
68
64
61
72
70
66
67
74
73
77
69
76
65
84
71
85
83
75
89
80
82
79
78
81
91
88
95
86
87
94
92
96
98
100
97
102
101
90
104
93
106
116
99
110
112
103
2
4
22
5
7
16
3
15
25
0
30
8
6
17
9
27
32
18
26
20
11
10
19
21
1
23
31
13
12
14
37
24
36
28
33
39
34
42
35
43
41
38
44
50
47
45
40
52
48
56
60
57
51
53
46
54
55
61
49
66
69
64
58
59
62
63
72
67
74
70
65
76
73
71
80
75
68
78
79
88
81
83
82
77
94
97
90
84
96
85
87
93
99
100
92
86
91
102
95
98
104
89
107
103
109
105
111
8
14
17
7
23
4
9
29
24
0
13
3
15
12
10
16
25
21
11
1
2
19
6
5
22
37
28
18
34
32
33
20
26
40
36
38
35
27
42
43
49
45
31
39
55
41
53
44
47
52
50
58
46
59
60
51
57
48
56
66
69
65
62
61
54
63
64
70
75
67
72
71
76
68
78
74
81
73
77
80
84
85
86
83
87
91
96
92
82
79
90
88
101
94
97
93
89
107
95
105
100
109
106
98
110
102
112
104
116
99
13
23
10
5
4
2
1
14
22
8
15
11
18
16
0
24
27
21
3
29
9
33
6
20
26
17
25
12
28
35
37
39
36
38
43
7
19
32
46
30
34
40
41
42
44
53
48
49
45
54
59
51
47
50
64
57
56
58
55
67
68
61
60
71
63
65
52
75
62
73
66
69
80
72
74
70
76
77
84
83
79
78
87
82
85
81
92
91
93
88
86
100
94
89
95
102
103
97
98
109
96
105
104
111
90
99
101
107
2
16
4
12
15
10
28
29
27
19
3
21
22
5
6
18
26
37
11
1
17
13
24
8
34
30
20
41
38
25
23
0
35
7
9
14
31
39
36
33
40
45
42
43
50
47
54
57
51
46
49
44
59
53
48
52
55
66
61
62
65
56
58
70
60
63
68
69
71
73
72
74
76
77
78
64
67
82
75
86
84
88
79
91
81
80
90
89
87
85
83
96
92
95
100
98
94
102
99
101
104
112
97
113
105
109
106
108
11
20
12
28
10
0
9
26
23
4
1
6
2
19
8
18
24
16
21
31
7
5
14
36
15
22
35
3
29
25
40
39
30
17
46
34
38
37
27
32
13
42
47
52
44
45
48
41
53
49
51
61
57
62
55
43
54
66
67
50
59
60
58
65
64
56
63
72
75
70
71
79
68
74
83
78
73
77
81
69
80
82
89
76
85
87
90
88
93
84
91
97
86
101
99
92
105
107
103
102
96
94
98
108
104
106
109
95
10
2
3
12
16
14
9
6
23
4
22
18
13
17
27
1
28
5
20
8
21
19
11
0
24
30
32
36
29
7
26
33
15
37
25
42
44
31
38
49
50
45
43
41
39
40
47
56
46
35
55
52
58
48
59
54
53
51
60
62
57
65
61
68
72
66
67
69
70
74
63
75
71
82
64
76
73
79
78
77
84
80
85
81
93
83
89
96
100
102
88
87
95
98
86
90
92
94
91
97
107
99
103
106
101
105
109
104
27
23
11
3
21
0
1
26
6
12
8
25
10
19
13
14
16
17
33
15
28
7
42
5
31
18
20
37
32
2
44
30
4
29
24
22
36
45
39
9
40
38
43
52
41
56
46
34
50
55
54
48
51
47
58
63
53
64
59
67
61
49
60
73
57
68
69
65
62
66
71
76
70
78
72
77
89
84
83
81
80
74
75
82
79
91
86
93
94
97
96
98
88
87
85
103
106
95
99
100
110
102
90
105
108
92
104
112
107
14
11
19
9
0
26
5
15
33
12
8
21
10
3
16
7
24
29
1
4
40
2
27
42
34
23
30
22
31
37
41
39
18
32
6
35
20
13
46
28
17
25
38
50
47
59
48
43
49
55
53
57
52
54
44
45
51
66
61
56
58
60
63
62
67
71
69
76
68
65
64
70
73
78
77
79
80
82
84
74
88
87
85
93
75
72
89
83
92
91
81
86
95
90
97
101
98
99
104
103
94
102
96
100
109
105
106
4
11
8
0
2
5
13
20
16
30
14
32
24
29
9
39
27
10
1
15
21
25
17
3
31
35
28
12
46
36
43
33
26
19
40
34
22
6
45
7
41
18
38
23
48
44
54
47
51
52
42
60
56
59
49
50
53
64
58
62
55
61
57
65
68
70
69
66
63
76
81
74
78
77
73
80
71
67
72
79
86
84
83
75
82
89
87
85
93
92
91
100
90
97
96
98
102
107
88
94
106
99
105
108
103
95
114
101
111
12
6
3
4
10
28
1
8
5
7
17
21
24
13
32
0
18
26
30
9
11
22
23
31
42
25
33
27
14
41
19
15
2
29
40
34
36
44
43
20
37
35
16
46
52
53
50
49
39
45
57
51
58
66
61
48
56
54
55
47
62
67
59
65
75
68
63
60
71
70
80
78
79
77
72
69
74
64
76
88
81
85
83
73
91
90
82
84
87
93
94
100
101
92
89
102
97
95
86
106
104
98
108
105
103
96
111
99
114
110
6
3
14
4
22
8
37
0
10
2
15
19
33
7
29
27
12
17
23
31
11
20
25
21
18
26
36
32
13
43
5
1
24
9
35
46
40
30
41
52
16
44
34
45
55
54
28
51
53
47
49
58
57
38
60
42
56
62
61
59
64
69
68
48
50
66
63
67
65
73
71
79
74
80
77
75
86
70
76
82
81
85
83
72
92
90
94
84
87
88
78
96
99
91
98
97
100
102
103
105
108
95
106
89
107
111
28
1
8
2
36
5
16
33
14
10
18
30
4
20
9
0
17
6
19
24
7
13
3
26
12
37
32
27
25
44
31
39
15
22
38
21
35
29
42
41
34
23
11
56
46
45
55
43
48
49
47
50
57
58
52
53
62
54
51
68
72
64
71
63
75
59
60
73
61
65
77
69
74
66
78
79
67
70
87
76
84
81
86
83
80
88
91
82
92
85
94
89
90
95
99
108
96
93
105
100
97
104
106
98
113
115
102
103
1
6
11
15
32
16
20
5
21
25
12
24
3
27
36
8
9
14
22
0
4
38
29
2
10
37
13
31
23
43
7
39
17
30
26
49
18
35
34
48
40
19
28
56
33
47
53
50
44
45
42
55
57
52
64
46
62
54
51
65
61
60
59
67
76
69
58
71
79
63
72
74
73
70
68
80
85
78
83
66
77
86
88
84
92
95
82
75
87
99
90
89
101
93
97
91
98
100
81
108
96
104
116
111
107
9
35
16
36
23
10
0
18
25
15
30
29
38
21
2
5
26
17
7
3
43
4
6
34
14
13
33
20
44
32
1
11
8
22
24
28
31
19
46
12
54
40
27
45
47
51
37
49
39
63
50
41
53
55
52
58
66
62
70
61
59
64
60
75
68
72
48
56
65
69
71
83
67
77
80
84
79
76
86
82
74
57
87
90
88
81
89
73
93
85
78
91
97
92
98
95
94
101
99
102
104
108
106
4
3
15
21
7
0
2
31
37
12
11
29
39
13
1
23
30
16
42
17
27
18
24
20
14
19
5
8
25
41
48
38
32
34
35
9
51
22
45
58
26
6
10
44
46
36
47
28
52
57
40
59
33
53
49
55
68
50
65
56
71
63
62
70
54
61
64
72
66
60
76
80
67
75
69
85
82
74
87
79
78
88
73
83
96
93
84
77
86
91
94
81
92
90
103
99
100
89
97
111
102
107
105
101
109
95
104
112
2
0
6
11
1
35
25
26
4
20
19
7
15
9
27
16
17
24
42
5
21
8
34
40
28
14
22
29
38
10
18
31
23
13
12
37
30
33
39
3
47
46
51
43
32
48
49
55
45
50
52
41
59
56
36
60
62
63
58
53
66
61
57
67
65
73
69
70
54
71
76
78
79
77
74
64
72
68
86
82
81
84
80
89
93
97
94
75
83
87
98
88
95
91
99
105
85
100
103
96
92
102
111
104
101
109
112
110
90
108
13
20
10
3
18
5
12
8
23
21
25
35
1
30
37
32
28
11
9
16
15
0
24
14
7
19
34
2
50
6
51
27
49
29
43
4
17
33
39
42
53
31
26
62
54
40
57
46
44
47
38
22
41
48
66
59
61
36
56
55
60
58
65
52
69
74
68
63
64
78
73
72
71
70
67
82
75
76
80
79
81
85
77
87
92
88
84
90
93
97
95
99
91
83
86
103
94
98
107
105
89
104
96
102
112
100
114
108
10
7
4
20
37
33
8
17
31
6
2
39
36
9
22
13
5
19
1
18
23
24
12
42
27
21
38
15
26
0
25
35
3
48
11
44
32
16
34
43
29
40
28
45
14
54
30
55
51
52
50
60
41
56
62
66
57
70
63
49
59
71
64
61
47
65
68
74
58
72
76
53
81
67
82
77
73
69
83
78
89
75
88
85
92
79
86
93
87
95
98
90
80
99
91
96
94
84
107
97
105
102
104
101
0
1
16
4
18
50
3
6
20
11
26
25
22
8
33
7
5
27
2
23
19
15
17
13
29
28
9
32
30
24
34
10
12
36
37
55
44
21
42
39
52
43
51
49
41
45
40
14
31
54
35
58
62
56
64
48
57
61
59
38
60
46
63
65
71
53
66
68
79
75
76
70
73
78
77
82
90
72
67
69
80
74
86
88
95
83
91
84
85
99
81
92
89
98
94
100
108
101
96
107
97
87
104
103
21
3
13
26
10
11
2
5
4
28
14
15
24
43
7
23
1
20
0
16
27
37
41
17
25
9
46
29
33
8
31
6
12
36
44
58
34
55
50
40
18
19
22
35
45
32
53
60
51
49
30
67
38
47
62
57
39
52
63
56
71
59
61
54
42
76
68
64
78
65
73
77
69
66
80
70
75
72
86
74
79
84
81
90
93
85
88
83
95
89
91
82
94
92
96
104
99
107
87
106
109
98
108
101
11
30
10
8
5
34
3
27
24
23
14
13
41
12
0
45
15
4
19
9
22
18
1
31
7
17
20
32
16
39
44
33
38
36
47
26
42
2
40
6
53
37
21
25
50
48
28
54
56
43
55
29
52
35
46
58
67
64
66
62
51
63
69
68
75
60
57
59
73
82
61
71
84
81
76
77
74
65
80
72
79
70
90
88
78
94
86
85
91
92
89
83
101
87
106
98
95
105
93
99
104
96
108
97
109
111
107
100
27
20
14
47
0
34
16
10
28
36
3
45
32
53
29
2
17
1
11
6
51
18
13
23
26
52
8
24
5
19
7
4
38
35
21
30
44
12
48
41
22
9
57
15
42
40
37
46
55
49
31
59
25
63
43
39
54
33
68
58
66
74
69
71
56
65
73
62
67
61
64
78
72
60
79
76
77
82
70
75
83
80
81
84
89
91
86
88
90
87
95
98
94
100
85
92
103
105
96
97
93
108
101
114
112
113
109
17
19
9
3
0
45
43
6
50
1
18
12
14
32
8
37
10
44
4
29
5
39
22
42
7
11
31
54
55
24
47
33
28
2
25
20
56
46
13
34
35
26
38
16
27
15
23
30
58
48
21
65
36
63
40
41
68
70
59
61
71
49
62
73
52
64
53
57
69
66
75
72
74
60
80
85
67
77
82
79
92
88
76
78
84
86
93
89
98
91
95
87
83
81
101
108
94
110
96
99
106
97
104
102
105
14
0
10
24
39
33
35
7
4
27
8
29
16
1
17
12
21
38
50
19
9
5
13
23
3
34
30
37
47
15
20
18
43
44
36
26
25
6
46
41
42
40
22
62
11
58
32
49
55
2
56
48
67
60
28
31
54
61
63
53
66
57
74
51
45
72
65
68
71
59
64
69
84
70
73
87
78
82
76
75
80
81
88
97
86
85
79
93
92
77
89
96
91
94
103
90
105
83
98
100
102
108
101
99
95
113
2
22
50
30
1
23
14
4
31
26
8
7
20
9
25
38
18
45
3
5
6
39
29
15
33
10
24
0
21
36
17
41
12
49
32
27
34
63
42
13
16
37
48
11
35
40
43
58
59
44
19
54
28
67
55
52
65
62
74
47
51
73
64
71
57
72
69
70
75
56
66
76
61
46
78
60
68
88
87
83
77
81
95
85
86
80
94
93
79
82
100
92
84
101
89
103
90
105
110
96
91
98
107
104
97
8
24
21
18
1
42
32
26
0
14
37
16
3
5
6
27
23
39
31
4
12
13
45
11
2
29
51
19
9
57
46
22
34
35
17
20
47
36
15
58
7
28
25
49
10
33
40
41
53
55
38
30
66
62
50
52
61
69
43
65
59
48
63
44
75
72
64
67
76
73
56
70
60
74
82
78
71
68
85
92
84
81
80
79
91
77
86
83
94
99
89
90
87
88
101
93
95
100
97
106
96
104
102
105
107
103
30
13
23
10
47
18
4
39
34
20
14
15
2
7
51
40
6
0
36
44
21
24
35
22
3
48
26
29
56
46
9
41
42
50
28
8
5
16
12
17
1
11
32
19
33
58
43
65
57
37
62
49
59
52
31
67
54
45
38
27
66
25
64
53
61
71
70
60
76
69
63
68
78
73
75
82
74
86
77
80
88
84
91
87
89
79
85
72
94
81
92
100
95
93
99
97
105
98
106
104
96
115
101
108
90
1
22
35
4
6
34
2
29
41
7
3
40
13
11
16
19
9
8
24
0
20
12
21
17
37
55
51
10
23
14
28
44
18
31
30
5
26
47
39
46
49
15
45
38
59
32
52
61
69
70
65
36
25
57
48
43
66
27
67
33
60
64
50
72
73
76
42
62
58
63
53
54
74
80
68
79
77
71
78
81
82
75
85
84
97
87
90
86
91
100
88
93
103
92
89
99
95
98
101
83
94
107
104
96
102
108
8
32
7
4
29
20
6
13
22
39
45
54
19
21
43
36
9
16
5
17
50
11
27
1
38
23
40
12
41
14
18
24
3
0
31
28
15
30
33
25
34
55
47
67
44
48
46
37
10
65
56
26
35
52
61
64
2
63
51
53
66
49
59
77
68
62
69
79
80
58
78
74
70
73
42
83
76
82
75
71
85
96
81
97
94
72
90
60
87
101
88
89
102
95
104
91
99
105
84
107
108
115
103
100
93
109
92
106
86
43
8
34
39
28
30
48
22
23
4
13
0
16
14
1
15
38
40
54
6
47
35
42
51
20
10
17
52
11
7
61
21
31
18
55
44
37
9
53
24
12
25
5
3
26
62
63
64
32
71
36
19
49
29
27
33
2
50
45
65
41
46
67
74
68
56
59
77
72
75
69
85
66
79
76
57
81
80
73
82
78
83
70
92
88
87
60
89
97
86
104
91
84
95
103
93
98
108
90
100
99
112
105
94
21
8
31
36
11
0
32
4
34
7
5
17
37
19
23
30
12
24
62
45
13
6
44
18
14
43
2
50
28
60
9
22
26
35
25
53
20
10
39
55
56
27
47
1
42
51
33
16
46
3
29
15
70
71
38
54
48
41
61
64
63
40
68
73
75
57
49
78
52
58
79
76
80
77
69
67
86
72
87
65
66
88
84
85
94
92
83
91
96
82
90
104
103
102
105
101
100
81
95
93
99
97
74
110
108
98
89
107
29
19
6
2
1
39
37
27
5
21
23
10
15
12
28
26
3
30
8
0
14
9
48
34
20
46
59
63
13
62
44
17
4
22
25
41
7
18
16
31
35
52
32
33
11
24
36
45
47
66
42
56
55
65
73
38
69
40
49
43
79
74
75
54
50
53
51
78
81
80
64
67
76
71
68
61
85
70
82
72
77
58
83
88
102
93
57
92
95
97
86
96
101
94
91
100
104
89
87
105
98
84
113
103
90
115
3
7
1
14
21
29
33
4
20
19
18
0
23
2
45
15
13
12
8
9
11
58
38
32
17
6
39
44
37
24
41
35
27
56
30
10
47
31
36
71
34
42
5
51
63
16
52
22
55
54
25
46
28
57
43
26
48
59
66
68
40
62
72
67
50
64
69
49
53
75
74
84
70
85
60
77
76
82
90
78
87
89
80
95
83
79
65
88
93
81
92
98
91
73
105
101
86
94
106
100
99
103
45
21
1
10
12
20
23
22
59
11
3
0
25
52
27
34
4
2
28
6
24
60
33
47
40
41
44
39
37
46
18
55
32
48
7
42
13
30
58
68
8
54
15
38
29
14
49
5
53
17
43
36
31
51
19
65
26
35
73
9
72
50
16
56
66
61
67
76
63
74
57
81
83
69
70
88
85
77
71
86
92
78
84
80
64
89
94
82
95
87
75
79
90
97
91
100
93
105
99
107
104
98
103
28
42
8
53
14
11
35
6
60
50
44
2
0
23
19
51
10
5
3
22
58
16
9
46
4
24
31
21
48
61
15
52
29
32
27
30
1
43
36
25
12
13
49
18
47
40
20
17
70
38
39
33
57
37
34
71
54
41
59
73
7
55
45
56
69
65
26
62
77
66
64
72
67
74
76
68
85
82
87
84
75
79
83
99
101
89
93
81
80
92
88
98
95
100
96
103
78
105
104
106
111
115
94
90
102
18
20
22
41
10
31
9
4
13
24
37
35
47
5
0
1
17
7
39
6
11
2
58
15
40
14
25
19
12
55
29
49
68
30
16
33
27
8
46
28
42
3
51
56
57
21
72
43
53
59
36
69
74
48
26
76
67
45
79
54
23
52
61
34
32
50
44
63
65
38
66
81
60
90
71
87
84
62
82
70
83
78
80
73
88
89
96
75
92
91
98
85
93
94
77
102
99
97
95
103
104
14
7
6
4
51
3
17
15
8
5
11
55
41
32
30
25
2
21
34
44
37
56
43
0
31
57
19
24
33
53
1
72
9
45
38
13
22
54
62
70
16
12
67
47
35
46
60
29
18
50
10
58
42
23
36
20
52
39
27
75
40
48
68
63
26
28
79
64
66
49
85
92
89
78
77
76
59
87
80
74
82
84
69
71
73
61
93
81
86
91
94
90
88
96
103
106
107
83
98
99
102
95
116
45
38
13
30
32
42
2
5
44
19
46
36
0
11
22
33
54
55
26
29
27
9
7
21
49
24
6
34
56
52
12
60
50
67
39
4
69
1
35
28
37
47
23
61
14
31
43
17
20
57
51
62
15
3
18
10
53
48
16
79
63
70
74
40
72
58
84
76
81
64
25
71
65
68
8
73
86
41
59
87
85
96
80
75
83
77
78
92
90
93
101
98
94
100
88
95
103
82
105
102
104
89
106
91
107
110
3
48
16
20
57
35
18
21
55
31
4
7
44
23
52
53
5
2
33
24
22
49
6
34
36
38
1
13
66
14
12
56
25
9
30
29
65
11
41
17
39
28
0
19
80
50
58
64
15
26
8
42
43
27
62
54
10
61
70
46
45
32
63
37
86
69
73
59
51
47
71
83
40
60
72
76
79
89
90
68
87
84
74
77
88
94
82
78
92
81
75
96
85
101
108
93
102
110
98
105
106
95
99
0
5
23
7
14
40
43
22
39
20
31
18
3
51
24
4
62
21
26
50
19
37
6
64
34
15
8
17
13
32
28
10
25
11
35
49
38
42
46
12
47
69
45
36
1
52
48
33
61
9
58
59
55
65
30
2
29
16
57
27
41
70
44
56
53
54
79
63
78
60
80
66
75
73
81
77
76
71
89
72
85
67
94
74
82
91
87
86
96
106
92
83
102
84
93
103
99
95
100
88
90
17
30
5
39
15
56
11
29
6
26
7
44
0
1
54
3
73
2
16
49
66
32
35
37
50
34
14
36
45
24
20
4
41
19
9
10
21
74
22
42
68
12
60
27
64
31
55
51
80
28
53
23
63
18
43
48
40
25
61
82
77
13
38
58
52
57
8
67
59
46
62
33
47
78
90
87
76
71
75
88
72
84
65
89
83
81
86
98
85
79
100
70
103
102
95
93
108
91
107
105
96
99
92
14
24
9
0
56
46
3
11
42
51
22
32
17
19
2
59
13
7
44
30
15
4
12
43
37
10
18
65
29
63
55
28
16
21
34
5
20
26
33
35
25
36
6
38
23
53
73
8
31
41
82
54
68
47
1
74
66
45
67
81
48
39
52
61
62
72
57
83
27
40
50
49
58
60
78
85
71
64
79
87
77
75
93
80
92
89
100
88
69
84
94
104
95
101
76
96
103
86
91
99
105
90
98
108
110
9
61
58
0
31
1
48
16
43
46
51
59
40
13
6
8
55
32
11
18
47
36
50
35
15
25
63
5
2
20
42
41
26
33
44
12
29
53
22
21
34
7
72
38
14
4
27
30
24
37
52
17
19
39
45
3
49
23
74
80
73
78
54
28
83
84
67
79
66
60
86
62
10
56
81
57
68
69
64
87
70
75
65
76
82
92
85
96
102
93
77
90
97
98
88
91
95
100
94
89
109
99
40
34
29
65
14
23
28
17
12
5
21
3
20
15
13
33
1
22
64
42
56
26
6
52
43
2
7
62
41
32
0
30
19
25
71
53
9
54
31
11
16
61
4
8
45
58
35
78
51
76
38
46
24
63
44
27
50
66
37
74
75
48
47
10
70
59
77
84
83
67
49
73
79
18
82
36
68
39
80
60
88
69
91
55
85
87
57
99
89
107
81
90
98
92
95
97
86
108
113
102
106
96
101
114
14
44
35
20
7
1
69
10
6
3
31
51
62
11
21
12
56
15
60
53
50
29
32
19
24
63
8
9
40
25
17
28
13
59
36
0
39
37
70
27
45
41
4
48
49
23
54
16
55
22
2
47
34
18
77
71
67
30
33
5
46
58
57
52
72
83
84
74
80
66
81
68
38
88
79
26
42
78
43
89
75
64
65
86
76
93
92
96
85
95
90
61
103
87
94
99
97
91
82
106
113
101
7
13
4
5
20
50
52
29
53
8
0
6
22
26
45
34
14
27
25
69
12
11
28
46
37
64
19
58
41
60
32
23
21
3
10
17
31
33
24
16
44
9
62
40
18
56
15
51
39
70
66
54
77
30
71
63
61
72
55
38
1
36
57
2
49
35
42
48
47
75
73
76
84
81
43
86
80
83
87
65
95
89
68
93
90
91
78
82
85
67
94
92
97
104
100
102
106
98
88
59
79
109
101
105
96
99
31
30
2
7
38
22
42
16
21
40
10
3
33
26
34
19
49
17
29
65
54
13
0
59
51
9
6
53
20
43
47
60
15
24
58
23
5
61
12
8
11
39
55
48
14
72
45
85
32
80
27
28
35
25
84
37
74
68
36
82
50
57
87
1
56
63
52
46
4
69
77
91
89
44
18
73
71
86
76
66
83
64
81
70
41
79
94
62
78
67
88
90
101
96
105
99
98
92
111
5
41
23
4
17
56
29
36
37
8
48
18
7
55
44
35
1
64
43
3
30
28
9
26
27
12
0
32
10
31
54
62
11
19
20
72
47
81
2
14
53
59
16
46
34
24
25
77
15
58
21
39
63
66
45
38
50
13
49
42
85
60
57
74
67
61
40
52
69
33
6
51
68
65
98
22
92
75
83
71
73
87
79
90
101
82
93
80
78
84
95
96
91
89
70
86
105
88
100
106
104
110
94
3
4
10
1
13
18
12
11
15
37
9
22
28
2
40
44
0
57
38
85
48
24
58
19
32
21
36
42
16
69
5
23
63
14
17
35
26
31
34
74
47
73
76
59
39
20
33
8
50
46
25
51
27
30
55
49
72
62
56
7
6
87
61
89
41
53
68
65
45
29
75
83
84
54
60
80
43
86
90
81
88
82
70
66
103
95
67
52
78
93
91
79
71
64
97
107
102
100
92
101
109
96
94
99
105
24
2
5
17
0
37
44
8
48
15
16
26
1
25
36
45
38
59
55
23
33
35
12
72
19
32
4
34
6
50
47
30
10
11
54
41
7
29
27
53
83
40
21
71
60
3
57
46
31
68
9
82
85
52
69
56
58
28
65
20
80
51
62
22
61
73
43
70
88
49
14
42
95
13
18
93
64
74
84
96
39
66
67
77
81
75
99
89
76
98
107
112
86
108
101
63
79
92
87
103
90
104
97
102
3
41
33
12
21
60
64
44
38
1
14
18
15
47
10
36
59
19
39
2
66
81
23
34
17
13
7
9
16
65
58
56
24
57
50
31
11
5
37
42
68
6
40
22
71
20
4
8
51
29
83
48
35
72
45
0
32
49
28
26
88
67
73
54
43
25
27
55
46
63
70
61
86
95
52
30
76
53
89
75
84
85
69
62
77
92
93
87
91
96
106
100
78
82
74
103
80
97
113
104
111
67
11
29
14
21
69
38
24
43
31
25
20
37
10
19
9
22
12
42
4
41
39
36
48
59
1
56
71
51
15
57
6
0
45
35
75
58
26
60
33
28
49
47
3
68
8
73
34
5
30
27
32
55
84
44
17
54
2
78
23
81
74
50
52
72
62
7
40
13
65
16
77
64
61
18
53
66
70
89
83
46
63
76
97
90
88
106
98
85
91
86
99
104
82
79
102
103
93
95
109
37
27
8
4
20
25
1
76
79
5
22
46
70
62
3
49
2
24
23
30
17
0
26
9
15
35
66
14
6
10
33
7
64
58
60
38
12
19
45
44
73
34
29
32
71
21
74
68
40
56
18
39
42
11
54
28
13
80
48
53
50
31
88
84
16
52
36
57
69
47
83
77
75
55
61
65
43
91
95
90
78
51
67
72
92
63
85
98
94
59
107
103
108
89
41
93
96
100
97
86
21
23
25
49
6
34
70
69
27
19
10
54
32
45
46
47
8
55
7
26
36
43
44
13
2
39
20
51
5
58
17
42
50
4
35
28
33
0
63
78
57
16
52
75
12
72
37
1
24
3
56
92
9
31
14
29
15
61
60
65
22
64
38
96
40
62
11
90
18
77
74
30
41
68
53
48
67
84
71
59
76
93
95
105
88
91
86
109
66
100
79
97
85
73
89
80
83
103
98
110
42
33
15
7
19
11
13
18
2
6
62
1
31
27
20
78
35
3
71
16
28
24
70
22
41
67
5
79
46
72
57
38
73
37
23
10
4
53
58
29
14
21
8
40
50
39
74
25
77
17
36
30
9
54
12
26
34
43
0
86
47
64
88
61
60
87
69
44
32
66
75
81
76
63
48
59
45
49
96
80
51
100
99
92
52
93
85
68
104
111
108
65
89
94
101
56
82
98
0
11
18
8
49
31
22
10
4
52
35
15
61
1
5
66
28
42
7
9
36
37
32
71
34
13
16
72
23
75
27
73
25
48
74
30
44
40
20
26
54
80
90
19
21
63
55
12
17
51
24
62
50
64
77
56
81
41
39
45
2
43
69
65
33
47
38
3
86
6
59
67
29
89
78
58
14
96
92
82
79
99
93
85
53
87
107
70
76
57
88
106
68
108
46
94
105
91
95
60
98
110
77
41
3
0
58
14
22
25
51
43
75
28
11
12
76
26
18
6
36
4
38
63
1
65
62
2
78
20
23
61
15
54
34
60
8
45
16
39
37
7
30
31
33
46
5
56
27
70
57
66
68
10
42
9
53
55
97
32
72
47
48
13
59
19
40
87
49
52
21
29
17
74
73
89
98
64
69
24
71
50
79
84
35
81
67
83
99
102
44
104
100
86
80
108
82
106
93
90
96
15
11
1
67
44
39
24
55
21
59
37
10
48
32
18
42
14
26
8
71
66
5
25
62
4
40
19
41
47
17
74
7
9
3
30
13
6
54
35
12
0
50
83
27
53
16
28
77
23
46
2
49
43
51
75
84
73
22
79
36
52
56
20
33
91
58
65
69
31
34
45
60
99
38
95
68
29
61
88
97
78
98
85
82
102
101
80
76
72
70
113
100
81
93
90
104
106
57
8
16
1
9
6
36
22
18
52
42
13
7
12
19
4
53
27
24
0
77
40
63
59
11
69
75
31
2
43
25
37
65
66
33
45
23
64
55
5
71
92
30
32
74
14
10
58
61
67
50
26
28
70
83
38
56
72
85
62
20
21
76
57
46
44
29
90
39
17
15
89
95
41
34
98
68
54
51
3
100
49
35
84
79
88
73
48
111
91
60
97
78
47
105
102
24
2
12
3
62
36
38
29
0
18
53
32
42
17
7
4
20
55
79
5
73
51
1
46
14
47
28
9
49
41
19
40
43
69
45
72
78
81
58
33
25
50
16
52
59
83
13
27
64
60
48
61
96
23
77
31
8
6
15
89
39
101
30
67
44
34
93
11
35
57
26
56
70
22
54
102
75
65
104
66
10
63
87
37
71
21
86
82
80
84
95
100
94
91
112
74
76
97
107
68
92
35
28
20
10
6
18
33
77
65
46
42
37
9
5
2
68
27
1
22
17
32
36
14
55
44
16
50
67
24
62
75
73
74
61
34
69
3
64
19
4
58
51
15
84
7
49
40
88
26
79
47
13
92
21
48
85
87
52
12
54
70
57
72
11
23
63
80
38
8
31
25
41
78
0
53
30
43
90
45
98
56
76
105
81
60
82
83
29
66
91
108
99
39
94
97
71
59
47
1
42
24
23
69
2
20
8
14
38
84
49
4
32
22
64
33
17
39
61
0
3
13
48
67
19
16
18
50
15
77
5
45
29
74
56
82
57
26
6
40
37
10
87
76
21
11
30
12
91
27
9
46
54
73
81
66
7
43
34
52
41
36
65
62
25
100
59
101
72
71
28
75
89
53
80
93
58
35
96
95
111
31
70
78
94
102
44
68
86
60
63
85
55
6
32
17
38
28
9
25
54
55
4
8
75
31
35
23
50
5
21
14
36
30
40
37
24
72
47
42
3
33
19
74
49
43
2
10
56
86
11
64
51
15
18
58
12
45
68
20
90
48
81
59
52
26
102
22
65
0
61
16
34
92
1
77
93
57
7
44
13
62
46
39
29
27
79
82
41
110
80
99
60
76
88
73
71
98
53
87
70
103
95
69
89
94
84
66
26
51
5
65
54
8
82
15
62
39
46
31
45
87
58
36
17
0
4
23
37
16
12
76
40
42
41
25
30
20
11
47
49
7
73
2
64
32
27
28
61
59
10
60
89
22
43
52
70
55
21
84
53
38
6
3
71
13
66
50
67
34
9
81
74
48
19
91
103
33
83
24
79
29
18
1
63
14
68
96
56
78
72
93
44
95
35
77
75
101
97
104
57
69
99
107
88
36
16
11
3
17
42
10
34
44
37
0
23
78
43
5
8
33
51
74
48
31
38
45
46
60
61
65
35
14
53
1
70
73
52
15
27
2
26
96
88
24
12
13
21
9
29
66
7
19
6
63
56
76
77
64
30
84
71
91
82
79
58
83
4
54
55
20
94
40
67
41
49
62
18
28
90
69
59
92
50
103
68
81
99
22
85
57
104
86
25
80
102
19
17
4
3
39
20
21
14
29
44
8
2
68
62
0
15
49
57
53
55
7
40
25
13
54
59
28
38
26
50
43
35
6
67
18
74
23
11
1
75
52
48
16
30
31
34
10
47
65
66
64
45
32
9
5
42
81
70
93
36
37
24
12
98
73
61
46
60
104
22
88
33
110
84
51
99
83
71
77
90
56
91
27
96
118
89
58
101
76
63
12
53
15
20
28
47
74
78
22
24
61
2
17
62
50
14
79
41
4
77
45
32
46
19
48
51
7
60
87
0
34
36
13
81
73
40
55
57
38
44
86
27
6
102
26
58
31
16
82
8
11
5
63
42
49
30
35
10
76
54
98
69
9
21
29
3
25
66
59
88
23
64
70
56
92
72
1
97
90
52
71
18
68
91
43
39
37
103
65
84
67
33
99
104
80
14
57
43
82
23
4
66
1
27
21
30
34
64
32
88
24
12
29
6
3
28
26
17
78
93
73
39
52
35
37
84
7
83
9
71
59
20
5
2
98
67
19
60
40
10
68
13
48
46
16
65
0
76
15
92
63
50
79
18
31
8
75
54
45
44
36
47
33
38
53
90
11
49
70
81
51
99
77
55
41
74
94
72
22
56
69
107
112
25
85
24
25
44
8
9
22
7
85
52
57
29
42
56
13
12
33
58
45
1
11
16
35
37
6
3
14
28
2
60
30
36
38
20
34
74
62
26
19
80
71
0
10
43
15
27
31
86
54
55
23
41
39
64
50
77
18
40
73
5
82
47
59
72
95
4
17
49
46
21
100
32
87
92
88
108
81
51
79
78
89
53
76
1
25
17
12
10
15
51
50
44
28
64
85
46
69
16
21
9
35
13
87
11
47
34
61
26
37
96
3
66
32
7
22
42
49
52
36
5
58
20
78
63
0
27
81
45
71
39
8
95
31
94
4
72
24
86
89
38
55
80
41
29
91
74
100
48
40
65
104
67
23
56
75
59
30
102
33
53
6
14
2
60
105
70
84
82
62
83
99
19
18
47
3
10
63
54
45
72
1
5
20
41
29
14
33
40
84
25
86
83
78
43
7
26
9
46
15
44
11
13
39
36
21
34
22
48
2
85
35
57
55
32
101
64
17
24
27
37
91
19
73
0
56
42
59
23
49
62
80
75
52
65
6
16
58
94
68
93
96
70
51
4
28
31
12
77
89
74
67
38
95
69
92
8
61
110
30
98
71
37
34
56
27
2
38
50
53
28
31
16
70
24
55
0
83
13
87
12
18
69
32
66
15
9
29
22
90
43
20
1
17
47
52
62
21
10
74
63
7
54
30
19
40
44
25
59
85
79
35
14
88
26
39
102
82
60
41
5
98
58
77
3
4
97
45
71
36
76
57
81
61
86
8
68
23
105
110
114
49
23
1
57
88
6
63
7
13
4
76
38
15
30
49
33
66
20
8
2
11
54
36
53
5
90
61
28
3
60
67
41
75
26
24
42
47
27
19
52
99
16
10
59
78
32
51
18
21
70
86
25
34
12
77
43
74
92
22
50
83
44
56
55
31
46
37
94
72
48
14
73
60
34
14
16
9
57
91
12
88
38
71
6
2
95
28
10
19
37
26
7
32
31
64
85
69
29
24
59
52
74
17
67
23
27
4
36
11
68
33
86
3
100
35
54
25
43
42
44
66
21
77
39
45
8
65
98
5
30
40
46
72
13
80
90
106
51
20
78
18
87
56
63
93
77
22
45
43
52
6
3
92
56
26
27
35
58
73
2
7
53
50
0
36
69
31
15
59
9
65
66
63
33
44
17
34
64
38
81
11
19
37
93
70
68
39
12
57
13
78
91
20
29
79
24
10
23
1
95
54
25
82
80
60
116
47
61
62
28
40
58
20
11
57
88
8
25
0
59
74
36
7
48
28
6
27
85
70
16
38
26
45
94
83
14
32
19
13
54
23
60
29
40
49
64
63
98
55
17
35
31
33
66
42
44
21
4
53
80
9
76
43
22
92
2
18
3
10
46
78
62
56
93
51
47
12
95
41
34
30
1
86
79
19
61
52
26
0
44
16
21
15
30
82
45
40
49
33
50
57
59
55
9
8
53
62
38
37
75
66
17
89
4
35
63
31
20
76
43
5
10
6
54
39
27
34
7
70
46
84
25
58
67
24
32
60
36
69
98
13
74
87
14
100
23
22
106
77
51
29
23
16
17
49
35
18
68
38
20
6
14
109
37
3
54
79
74
65
80
61
84
10
48
55
12
4
30
2
34
11
40
85
28
107
33
15
19
76
51
67
63
72
21
9
66
73
32
39
102
13
26
57
42
36
86
105
0
25
72
34
3
37
7
84
30
78
45
48
10
23
5
16
33
65
20
9
81
27
77
19
15
21
57
6
47
1
46
25
11
13
62
43
4
24
106
54
53
2
29
69
56
88
14
22
39
31
92
96
66
35
49
41
59
40
67
47
58
15
9
13
5
52
78
24
38
2
81
84
85
57
83
37
35
51
50
4
27
69
3
49
48
25
59
72
16
33
12
6
19
39
7
41
97
18
22
89
42
1
70
17
32
112
20
55
45
44
56
15
106
30
31
82
2
3
48
6
25
21
74
77
43
36
34
44
5
33
0
32
29
13
23
7
57
16
22
27
19
49
20
71
1
50
80
23
14
67
10
91
35
5
53
94
51
59
24
30
21
28
13
4
44
3
1
15
38
76
99
100
66
82
84
70
11
43
83
22
44
1
38
87
90
31
75
18
23
63
0
10
14
41
11
9
49
5
39
37
79
29
78
88
45
32
58
30
44
28
21
0
8
10
108
50
35
17
96
43
3
40
86
32
72
5
25
18
6
52
13
79
7
60
73
50
1
3
23
4
22
1
38
37
45
50
72
100
16
13
57
40
55
63
60
24
28
8
65
7
41
103
30
12
14
23
94
7
