49
51
92
133
175
218
259
299
340
382
422
465
507
548
585
624
664
704
743
783
822
864
907
944
983
1023
1063
1102
1141
1179
1219
1258
1296
1333
1371
1403
1438
1470
1502
1530
1557
1578
1595
1609
1621
1632
1638
1645
1646
1647
1
2
3
4
6
5
8
11
12
7
9
10
13
14
16
15
19
17
21
20
25
18
22
23
27
28
24
26
29
30
33
31
36
37
35
34
39
44
42
38
32
47
40
43
0
3
2
4
5
6
7
11
12
8
9
13
10
18
14
17
15
16
21
23
20
22
19
28
25
24
31
26
27
33
29
30
35
34
41
32
40
38
36
37
44
0
5
1
6
3
7
8
4
9
11
10
14
15
13
18
17
12
16
23
19
22
24
20
21
26
29
28
25
32
27
31
34
33
30
37
40
39
44
36
35
43
0
1
4
2
5
6
7
8
10
9
13
11
17
14
16
12
15
19
21
23
22
25
24
18
27
20
26
28
29
34
30
32
35
31
39
38
36
33
43
37
45
41
0
1
3
5
2
7
10
6
11
8
13
9
12
14
18
15
16
21
20
19
17
23
25
22
24
29
31
32
27
26
30
28
37
33
34
38
39
43
36
40
46
44
35
2
4
1
3
0
8
9
6
11
10
7
13
16
14
12
17
18
15
24
21
19
22
20
23
27
25
31
28
29
37
26
30
32
33
36
34
40
38
35
41
45
2
0
1
3
10
8
4
9
5
7
11
15
12
13
14
16
18
17
20
21
19
22
23
25
24
28
27
26
29
33
39
34
30
32
31
35
38
41
44
40
2
1
4
3
8
0
11
6
5
14
12
13
15
9
17
10
18
16
22
19
20
25
21
24
28
26
30
29
23
27
33
36
38
35
39
34
32
43
46
31
40
2
0
6
5
1
3
7
4
12
10
9
15
16
14
11
21
18
13
17
19
20
27
23
24
30
28
22
25
26
29
31
33
37
34
36
35
39
40
38
32
46
41
2
6
1
5
0
3
4
8
10
12
7
20
11
16
19
17
13
18
14
15
21
25
22
26
27
28
24
30
23
29
33
34
36
31
42
37
40
38
32
41
6
4
3
1
2
8
0
9
5
11
13
16
15
7
18
12
14
17
22
21
20
23
19
26
24
27
31
25
34
33
32
30
28
29
35
36
38
37
39
40
42
46
45
1
2
4
0
7
5
10
3
6
12
8
14
9
13
15
21
19
22
16
18
26
24
20
27
17
33
25
23
31
36
35
29
37
30
32
34
28
41
44
39
38
43
1
0
8
4
7
11
9
17
5
6
14
3
10
2
16
13
21
19
22
18
24
20
15
23
25
26
27
28
32
33
30
38
34
29
36
35
31
39
37
41
43
1
4
0
5
3
10
2
15
7
6
14
8
11
12
9
17
23
20
16
19
22
26
31
24
18
28
25
27
21
30
34
37
29
32
35
45
38
2
0
3
5
4
7
8
13
12
11
1
10
6
18
20
15
9
16
22
19
21
28
26
30
23
17
36
31
24
27
34
25
33
37
29
39
35
40
32
2
8
13
6
0
7
16
10
4
5
18
3
11
1
14
9
21
26
20
17
23
22
12
19
24
25
29
32
31
30
27
28
36
33
37
35
39
41
43
42
5
10
0
3
15
8
9
2
12
4
6
7
1
21
14
18
11
22
13
20
17
23
25
32
19
24
28
29
31
26
30
34
33
37
36
35
27
40
42
41
3
2
12
5
7
0
10
1
20
8
9
6
18
22
15
4
13
24
19
21
16
23
11
14
25
30
27
26
28
29
34
31
32
35
38
37
39
33
40
2
4
1
10
8
5
7
15
14
6
17
9
19
16
0
22
12
11
23
21
3
20
24
25
13
28
31
27
29
33
34
26
32
30
35
40
38
42
39
45
0
9
8
2
3
18
11
5
6
12
4
14
22
7
10
1
17
13
21
20
23
28
26
15
16
27
24
25
36
32
29
33
30
34
35
39
40
44
31
9
17
14
6
4
0
1
8
5
15
10
12
7
13
2
21
16
22
19
24
18
3
11
33
26
23
25
27
29
37
34
31
28
30
32
35
40
41
45
39
46
44
8
4
0
16
11
5
1
6
12
15
3
10
9
14
20
18
2
19
7
17
22
25
23
27
28
24
13
35
32
30
29
31
33
34
36
37
38
26
43
39
48
41
42
10
2
14
5
18
11
0
12
6
7
17
1
19
3
9
16
15
20
21
4
13
8
28
29
25
31
26
27
32
34
30
23
24
39
33
36
38
2
1
0
10
8
13
25
3
18
4
15
5
6
12
26
19
16
17
21
31
14
24
20
30
11
7
28
9
33
35
34
29
27
22
42
36
32
39
38
5
2
12
17
8
7
3
6
20
4
13
18
10
11
0
1
15
9
16
23
21
26
30
19
14
31
27
33
28
22
37
29
36
32
34
38
25
41
40
35
0
9
23
7
6
3
4
12
1
2
5
21
18
16
26
10
8
17
22
11
15
13
29
28
20
19
27
14
30
35
31
33
37
32
24
42
39
44
41
38
15
2
14
10
9
23
13
11
12
7
19
25
3
17
20
4
0
6
8
24
1
22
33
16
29
28
27
36
18
35
5
31
32
21
30
38
44
34
39
8
0
6
5
9
3
2
11
10
12
17
21
4
13
35
1
19
15
22
28
29
18
20
25
32
14
7
31
26
24
34
23
37
16
36
39
30
38
41
14
1
7
6
8
2
19
22
9
0
13
12
5
17
21
16
3
4
18
33
23
25
27
32
15
10
26
40
30
34
24
38
29
20
35
31
11
37
2
4
22
5
7
16
3
15
25
0
30
8
6
17
9
27
32
18
26
20
11
10
19
21
1
23
31
13
12
14
37
24
36
28
33
39
34
42
35
43
8
14
17
7
23
4
9
29
24
0
13
3
15
12
10
16
25
21
11
1
2
19
6
5
22
37
28
18
34
32
33
20
26
40
36
38
35
27
42
13
23
10
5
4
2
1
14
22
8
15
11
18
16
0
24
27
21
3
29
9
33
6
20
26
17
25
12
28
35
37
39
36
38
43
7
19
32
2
16
4
12
15
10
28
29
27
19
3
21
22
5
6
18
26
37
11
1
17
13
24
8
34
30
20
41
38
25
23
0
35
7
9
14
31
11
20
12
28
10
0
9
26
23
4
1
6
2
19
8
18
24
16
21
31
7
5
14
36
15
22
35
3
29
25
40
39
30
17
46
34
38
37
10
2
3
12
16
14
9
6
23
4
22
18
13
17
27
1
28
5
20
8
21
19
11
0
24
30
32
36
29
7
26
33
27
23
11
3
21
0
1
26
6
12
8
25
10
19
13
14
16
17
33
15
28
7
42
5
31
18
20
37
32
2
44
30
4
29
24
14
11
19
9
0
26
5
15
33
12
8
21
10
3
16
7
24
29
1
4
40
2
27
42
34
23
30
22
31
37
41
39
4
11
8
0
2
5
13
20
16
30
14
32
24
29
9
39
27
10
1
15
21
25
17
3
31
35
28
12
46
36
43
33
12
6
3
4
10
28
1
8
5
7
17
21
24
13
32
0
18
26
30
9
11
22
23
31
42
25
33
27
6
3
14
4
22
8
37
0
10
2
15
19
33
7
29
27
12
17
23
31
11
20
25
21
18
26
36
28
1
8
2
36
5
16
33
14
10
18
30
4
20
9
0
17
6
19
24
7
1
6
11
15
32
16
20
5
21
25
12
24
3
27
36
8
9
9
35
16
36
23
10
0
18
25
15
30
29
38
21
4
3
15
21
7
0
2
31
37
12
11
29
2
0
6
11
1
35
25
26
4
20
19
13
20
10
3
18
5
10
7
4
20
37
33
8
0
21
