26
28
49
70
89
108
130
151
169
190
210
230
247
265
280
299
316
332
345
360
370
378
390
394
396
397
398
1
2
3
4
6
5
8
11
12
7
9
10
13
14
16
15
19
17
21
20
25
18
0
3
2
4
5
6
7
11
12
8
9
13
10
18
14
17
15
16
21
23
20
0
5
1
6
3
7
8
4
9
11
10
14
15
13
18
17
12
16
23
19
22
0
1
4
2
5
6
7
8
10
9
13
11
17
14
16
12
15
19
21
0
1
3
5
2
7
10
6
11
8
13
9
12
14
18
15
16
21
20
2
4
1
3
0
8
9
6
11
10
7
13
16
14
12
17
18
15
24
21
19
22
2
0
1
3
10
8
4
9
5
7
11
15
12
13
14
16
18
17
20
21
19
2
1
4
3
8
0
11
6
5
14
12
13
15
9
17
10
18
16
2
0
6
5
1
3
7
4
12
10
9
15
16
14
11
21
18
13
17
19
20
2
6
1
5
0
3
4
8
10
12
7
20
11
16
19
17
13
18
14
15
6
4
3
1
2
8
0
9
5
11
13
16
15
7
18
12
14
17
22
21
1
2
4
0
7
5
10
3
6
12
8
14
9
13
15
21
19
1
0
8
4
7
11
9
17
5
6
14
3
10
2
16
13
21
19
1
4
0
5
3
10
2
15
7
6
14
8
11
12
9
2
0
3
5
4
7
8
13
12
11
1
10
6
18
20
15
9
16
22
2
8
13
6
0
7
16
10
4
5
18
3
11
1
14
9
21
5
10
0
3
15
8
9
2
12
4
6
7
1
21
14
18
3
2
12
5
7
0
10
1
20
8
9
6
18
2
4
1
10
8
5
7
15
14
6
17
9
19
16
0
0
9
8
2
3
18
11
5
6
12
9
17
14
6
4
0
1
8
8
4
0
16
11
5
1
6
12
15
3
10
10
2
14
5
2
1
5
0
