21
23
37
53
69
84
100
114
130
145
158
172
185
197
208
218
226
232
238
241
242
243
1
2
3
4
6
5
8
11
12
7
9
10
13
14
16
15
19
17
0
3
2
4
5
6
7
11
12
8
9
13
10
18
0
5
1
6
3
7
8
4
9
11
10
14
15
13
18
17
0
1
4
2
5
6
7
8
10
9
13
11
17
14
16
12
0
1
3
5
2
7
10
6
11
8
13
9
12
14
18
2
4
1
3
0
8
9
6
11
10
7
13
16
14
12
17
2
0
1
3
10
8
4
9
5
7
11
15
12
13
2
1
4
3
8
0
11
6
5
14
12
13
15
9
17
10
2
0
6
5
1
3
7
4
12
10
9
15
16
14
11
2
6
1
5
0
3
4
8
10
12
7
20
11
6
4
3
1
2
8
0
9
5
11
13
16
15
7
1
2
4
0
7
5
10
3
6
12
8
14
9
1
0
8
4
7
11
9
17
5
6
14
3
1
4
0
5
3
10
2
15
7
6
14
2
0
3
5
4
7
8
13
12
11
2
8
13
6
0
7
16
10
5
10
0
3
15
8
3
2
12
5
7
0
2
4
1
0
9
