82
84
157
230
304
377
452
525
599
668
738
809
884
960
1033
1106
1177
1246
1318
1389
1461
1534
1607
1680
1749
1820
1889
1959
2027
2097
2171
2241
2313
2384
2457
2529
2600
2671
2743
2811
2880
2947
3018
3089
3158
3229
3296
3365
3433
3500
3565
3633
3701
3769
3834
3898
3968
4035
4095
4157
4219
4277
4336
4398
4457
4510
4569
4616
4661
4709
4756
4795
4833
4863
4887
4913
4930
4945
4953
4958
4962
4964
4965
1
2
3
4
6
5
8
11
12
7
9
10
13
14
16
15
19
17
21
20
25
18
22
23
27
28
24
26
29
30
33
31
36
37
35
34
39
44
42
38
32
47
40
43
41
50
45
52
48
51
49
46
54
59
53
55
56
58
61
60
62
57
68
63
64
66
70
71
65
69
74
67
78
0
3
2
4
5
6
7
11
12
8
9
13
10
18
14
17
15
16
21
23
20
22
19
28
25
24
31
26
27
33
29
30
35
34
41
32
40
38
36
37
44
43
47
39
45
42
46
48
56
50
53
54
51
52
49
61
60
57
58
62
55
64
59
71
63
65
69
67
73
66
72
77
68
0
5
1
6
3
7
8
4
9
11
10
14
15
13
18
17
12
16
23
19
22
24
20
21
26
29
28
25
32
27
31
34
33
30
37
40
39
44
36
35
43
42
41
38
48
46
53
45
47
50
56
55
54
51
60
49
61
59
62
63
66
65
52
64
67
70
58
69
75
57
78
71
72
0
1
4
2
5
6
7
8
10
9
13
11
17
14
16
12
15
19
21
23
22
25
24
18
27
20
26
28
29
34
30
32
35
31
39
38
36
33
43
37
45
41
40
42
48
47
49
50
51
44
46
54
56
53
52
61
55
60
67
62
57
65
63
58
68
70
59
69
77
73
64
72
79
75
0
1
3
5
2
7
10
6
11
8
13
9
12
14
18
15
16
21
20
19
17
23
25
22
24
29
31
32
27
26
30
28
37
33
34
38
39
43
36
40
46
44
35
42
41
47
48
52
49
45
53
56
57
55
51
50
54
59
58
61
62
64
65
60
67
63
68
74
70
66
77
76
69
2
4
1
3
0
8
9
6
11
10
7
13
16
14
12
17
18
15
24
21
19
22
20
23
27
25
31
28
29
37
26
30
32
33
36
34
40
38
35
41
45
42
39
44
48
43
49
47
46
50
54
52
51
53
59
57
60
55
68
56
64
65
66
69
63
58
67
61
62
76
74
72
70
71
78
2
0
1
3
10
8
4
9
5
7
11
15
12
13
14
16
18
17
20
21
19
22
23
25
24
28
27
26
29
33
39
34
30
32
31
35
38
41
44
40
36
42
37
46
47
45
51
50
43
56
48
54
57
53
60
55
52
49
58
59
65
63
62
61
64
69
67
68
66
73
71
74
72
2
1
4
3
8
0
11
6
5
14
12
13
15
9
17
10
18
16
22
19
20
25
21
24
28
26
30
29
23
27
33
36
38
35
39
34
32
43
46
31
40
44
42
37
47
41
48
45
52
53
56
57
50
49
51
55
61
59
65
54
58
68
64
62
67
60
74
69
66
70
73
75
76
72
2
0
6
5
1
3
7
4
12
10
9
15
16
14
11
21
18
13
17
19
20
27
23
24
30
28
22
25
26
29
31
33
37
34
36
35
39
40
38
32
46
41
45
49
44
42
43
47
54
57
52
53
48
58
50
51
59
56
63
60
55
61
65
62
68
64
71
74
76
2
6
1
5
0
3
4
8
10
12
7
20
11
16
19
17
13
18
14
15
21
25
22
26
27
28
24
30
23
29
33
34
36
31
42
37
40
38
32
41
44
39
35
46
45
51
43
47
49
48
53
52
56
54
57
50
55
60
64
61
59
58
71
70
63
66
65
67
69
62
6
4
3
1
2
8
0
9
5
11
13
16
15
7
18
12
14
17
22
21
20
23
19
26
24
27
31
25
34
33
32
30
28
29
35
36
38
37
39
40
42
46
45
48
49
41
50
52
44
55
43
47
51
53
56
60
62
64
58
54
59
63
61
57
73
68
70
77
75
69
65
1
2
4
0
7
5
10
3
6
12
8
14
9
13
15
21
19
22
16
18
26
24
20
27
17
33
25
23
31
36
35
29
37
30
32
34
28
41
44
39
38
43
49
45
48
47
42
50
46
40
59
56
51
54
57
62
53
63
52
55
58
61
65
64
66
70
69
60
68
71
67
73
74
80
77
1
0
8
4
7
11
9
17
5
6
14
3
10
2
16
13
21
19
22
18
24
20
15
23
25
26
27
28
32
33
30
38
34
29
36
35
31
39
37
41
43
45
40
44
46
49
42
52
51
47
48
54
50
53
56
60
57
59
62
55
61
58
64
63
66
70
67
72
65
73
68
69
74
79
71
77
1
4
0
5
3
10
2
15
7
6
14
8
11
12
9
17
23
20
16
19
22
26
31
24
18
28
25
27
21
30
34
37
29
32
35
45
38
40
39
43
33
42
48
41
36
46
49
44
47
50
55
52
57
56
54
58
51
53
59
61
64
60
66
62
68
70
74
67
63
71
65
72
77
2
0
3
5
4
7
8
13
12
11
1
10
6
18
20
15
9
16
22
19
21
28
26
30
23
17
36
31
24
27
34
25
33
37
29
39
35
40
32
38
41
42
50
52
43
48
44
49
45
53
54
51
55
46
61
65
47
58
63
56
57
60
59
70
68
73
64
62
72
67
69
74
66
2
8
13
6
0
7
16
10
4
5
18
3
11
1
14
9
21
26
20
17
23
22
12
19
24
25
29
32
31
30
27
28
36
33
37
35
39
41
43
42
34
44
38
40
48
45
47
49
46
55
53
52
50
60
58
51
54
61
57
65
56
69
64
62
63
68
59
70
72
71
73
5
10
0
3
15
8
9
2
12
4
6
7
1
21
14
18
11
22
13
20
17
23
25
32
19
24
28
29
31
26
30
34
33
37
36
35
27
40
42
41
44
47
43
45
50
39
48
38
52
54
46
56
49
57
58
51
53
55
67
63
60
59
61
71
64
69
65
70
75
3
2
12
5
7
0
10
1
20
8
9
6
18
22
15
4
13
24
19
21
16
23
11
14
25
30
27
26
28
29
34
31
32
35
38
37
39
33
40
42
46
43
44
51
36
41
47
50
48
45
52
49
53
56
57
59
54
55
58
69
60
65
61
64
70
68
62
72
63
67
76
78
2
4
1
10
8
5
7
15
14
6
17
9
19
16
0
22
12
11
23
21
3
20
24
25
13
28
31
27
29
33
34
26
32
30
35
40
38
42
39
45
36
43
47
37
44
46
41
54
50
51
55
49
53
52
64
48
61
57
59
56
58
62
67
68
60
63
70
71
65
77
76
0
9
8
2
3
18
11
5
6
12
4
14
22
7
10
1
17
13
21
20
23
28
26
15
16
27
24
25
36
32
29
33
30
34
35
39
40
44
31
37
38
43
51
46
45
42
47
49
41
52
50
56
60
54
57
48
59
61
55
63
53
66
64
58
68
65
70
62
67
69
75
73
9
17
14
6
4
0
1
8
5
15
10
12
7
13
2
21
16
22
19
24
18
3
11
33
26
23
25
27
29
37
34
31
28
30
32
35
40
41
45
39
46
44
36
50
43
42
47
38
48
53
57
55
49
52
56
51
61
54
64
62
60
58
59
67
68
73
74
63
72
69
70
71
65
8
4
0
16
11
5
1
6
12
15
3
10
9
14
20
18
2
19
7
17
22
25
23
27
28
24
13
35
32
30
29
31
33
34
36
37
38
26
43
39
48
41
42
45
44
40
54
46
52
59
47
50
53
57
55
62
56
61
60
49
51
58
65
67
68
63
66
72
73
70
64
75
69
10
2
14
5
18
11
0
12
6
7
17
1
19
3
9
16
15
20
21
4
13
8
28
29
25
31
26
27
32
34
30
23
24
39
33
36
38
35
41
37
40
42
46
44
47
53
43
56
49
51
57
58
54
55
50
48
45
64
62
52
59
60
68
63
66
67
70
61
65
75
74
72
69
2
1
0
10
8
13
25
3
18
4
15
5
6
12
26
19
16
17
21
31
14
24
20
30
11
7
28
9
33
35
34
29
27
22
42
36
32
39
38
43
45
41
49
48
44
37
46
47
53
50
55
40
52
54
58
60
56
59
57
62
61
51
68
63
67
72
76
66
65
5
2
12
17
8
7
3
6
20
4
13
18
10
11
0
1
15
9
16
23
21
26
30
19
14
31
27
33
28
22
37
29
36
32
34
38
25
41
40
35
43
44
39
48
42
45
49
52
46
54
47
50
53
56
51
55
59
57
62
64
58
61
70
68
63
67
60
66
65
78
69
0
9
23
7
6
3
4
12
1
2
5
21
18
16
26
10
8
17
22
11
15
13
29
28
20
19
27
14
30
35
31
33
37
32
24
42
39
44
41
38
45
34
40
36
47
43
48
46
53
51
52
49
62
50
54
59
57
58
60
65
64
55
56
61
63
68
67
71
74
15
2
14
10
9
23
13
11
12
7
19
25
3
17
20
4
0
6
8
24
1
22
33
16
29
28
27
36
18
35
5
31
32
21
30
38
44
34
39
37
42
40
48
47
41
43
46
54
53
50
45
49
55
52
51
60
56
59
58
66
68
69
57
61
62
74
72
70
75
71
8
0
6
5
9
3
2
11
10
12
17
21
4
13
35
1
19
15
22
28
29
18
20
25
32
14
7
31
26
24
34
23
37
16
36
39
30
38
41
44
33
50
43
40
49
47
45
48
46
52
42
54
60
53
57
51
62
59
61
55
66
58
63
64
56
74
69
65
14
1
7
6
8
2
19
22
9
0
13
12
5
17
21
16
3
4
18
33
23
25
27
32
15
10
26
40
30
34
24
38
29
20
35
31
11
37
45
48
44
36
42
50
47
41
39
58
46
63
43
51
60
55
56
57
59
62
54
49
53
52
68
64
61
72
70
66
67
74
2
4
22
5
7
16
3
15
25
0
30
8
6
17
9
27
32
18
26
20
11
10
19
21
1
23
31
13
12
14
37
24
36
28
33
39
34
42
35
43
41
38
44
50
47
45
40
52
48
56
60
57
51
53
46
54
55
61
49
66
69
64
58
59
62
63
72
67
74
70
65
76
73
71
8
14
17
7
23
4
9
29
24
0
13
3
15
12
10
16
25
21
11
1
2
19
6
5
22
37
28
18
34
32
33
20
26
40
36
38
35
27
42
43
49
45
31
39
55
41
53
44
47
52
50
58
46
59
60
51
57
48
56
66
69
65
62
61
54
63
64
70
75
67
13
23
10
5
4
2
1
14
22
8
15
11
18
16
0
24
27
21
3
29
9
33
6
20
26
17
25
12
28
35
37
39
36
38
43
7
19
32
46
30
34
40
41
42
44
53
48
49
45
54
59
51
47
50
64
57
56
58
55
67
68
61
60
71
63
65
52
75
62
73
66
69
2
16
4
12
15
10
28
29
27
19
3
21
22
5
6
18
26
37
11
1
17
13
24
8
34
30
20
41
38
25
23
0
35
7
9
14
31
39
36
33
40
45
42
43
50
47
54
57
51
46
49
44
59
53
48
52
55
66
61
62
65
56
58
70
60
63
68
69
71
73
72
11
20
12
28
10
0
9
26
23
4
1
6
2
19
8
18
24
16
21
31
7
5
14
36
15
22
35
3
29
25
40
39
30
17
46
34
38
37
27
32
13
42
47
52
44
45
48
41
53
49
51
61
57
62
55
43
54
66
67
50
59
60
58
65
64
56
63
72
75
70
71
79
68
10
2
3
12
16
14
9
6
23
4
22
18
13
17
27
1
28
5
20
8
21
19
11
0
24
30
32
36
29
7
26
33
15
37
25
42
44
31
38
49
50
45
43
41
39
40
47
56
46
35
55
52
58
48
59
54
53
51
60
62
57
65
61
68
72
66
67
69
70
74
63
75
27
23
11
3
21
0
1
26
6
12
8
25
10
19
13
14
16
17
33
15
28
7
42
5
31
18
20
37
32
2
44
30
4
29
24
22
36
45
39
9
40
38
43
52
41
56
46
34
50
55
54
48
51
47
58
63
53
64
59
67
61
49
60
73
57
68
69
65
62
66
71
14
11
19
9
0
26
5
15
33
12
8
21
10
3
16
7
24
29
1
4
40
2
27
42
34
23
30
22
31
37
41
39
18
32
6
35
20
13
46
28
17
25
38
50
47
59
48
43
49
55
53
57
52
54
44
45
51
66
61
56
58
60
63
62
67
71
69
76
68
65
64
4
11
8
0
2
5
13
20
16
30
14
32
24
29
9
39
27
10
1
15
21
25
17
3
31
35
28
12
46
36
43
33
26
19
40
34
22
6
45
7
41
18
38
23
48
44
54
47
51
52
42
60
56
59
49
50
53
64
58
62
55
61
57
65
68
70
69
66
63
76
81
74
12
6
3
4
10
28
1
8
5
7
17
21
24
13
32
0
18
26
30
9
11
22
23
31
42
25
33
27
14
41
19
15
2
29
40
34
36
44
43
20
37
35
16
46
52
53
50
49
39
45
57
51
58
66
61
48
56
54
55
47
62
67
59
65
75
68
63
60
6
3
14
4
22
8
37
0
10
2
15
19
33
7
29
27
12
17
23
31
11
20
25
21
18
26
36
32
13
43
5
1
24
9
35
46
40
30
41
52
16
44
34
45
55
54
28
51
53
47
49
58
57
38
60
42
56
62
61
59
64
69
68
48
50
66
63
67
65
28
1
8
2
36
5
16
33
14
10
18
30
4
20
9
0
17
6
19
24
7
13
3
26
12
37
32
27
25
44
31
39
15
22
38
21
35
29
42
41
34
23
11
56
46
45
55
43
48
49
47
50
57
58
52
53
62
54
51
68
72
64
71
63
75
59
60
1
6
11
15
32
16
20
5
21
25
12
24
3
27
36
8
9
14
22
0
4
38
29
2
10
37
13
31
23
43
7
39
17
30
26
49
18
35
34
48
40
19
28
56
33
47
53
50
44
45
42
55
57
52
64
46
62
54
51
65
61
60
59
67
76
69
58
71
79
63
72
9
35
16
36
23
10
0
18
25
15
30
29
38
21
2
5
26
17
7
3
43
4
6
34
14
13
33
20
44
32
1
11
8
22
24
28
31
19
46
12
54
40
27
45
47
51
37
49
39
63
50
41
53
55
52
58
66
62
70
61
59
64
60
75
68
72
48
56
65
69
71
4
3
15
21
7
0
2
31
37
12
11
29
39
13
1
23
30
16
42
17
27
18
24
20
14
19
5
8
25
41
48
38
32
34
35
9
51
22
45
58
26
6
10
44
46
36
47
28
52
57
40
59
33
53
49
55
68
50
65
56
71
63
62
70
54
61
64
72
66
2
0
6
11
1
35
25
26
4
20
19
7
15
9
27
16
17
24
42
5
21
8
34
40
28
14
22
29
38
10
18
31
23
13
12
37
30
33
39
3
47
46
51
43
32
48
49
55
45
50
52
41
59
56
36
60
62
63
58
53
66
61
57
67
65
73
69
70
54
71
76
13
20
10
3
18
5
12
8
23
21
25
35
1
30
37
32
28
11
9
16
15
0
24
14
7
19
34
2
50
6
51
27
49
29
43
4
17
33
39
42
53
31
26
62
54
40
57
46
44
47
38
22
41
48
66
59
61
36
56
55
60
58
65
52
69
74
68
10
7
4
20
37
33
8
17
31
6
2
39
36
9
22
13
5
19
1
18
23
24
12
42
27
21
38
15
26
0
25
35
3
48
11
44
32
16
34
43
29
40
28
45
14
54
30
55
51
52
50
60
41
56
62
66
57
70
63
49
59
71
64
61
47
65
68
74
58
0
1
16
4
18
50
3
6
20
11
26
25
22
8
33
7
5
27
2
23
19
15
17
13
29
28
9
32
30
24
34
10
12
36
37
55
44
21
42
39
52
43
51
49
41
45
40
14
31
54
35
58
62
56
64
48
57
61
59
38
60
46
63
65
71
53
66
68
21
3
13
26
10
11
2
5
4
28
14
15
24
43
7
23
1
20
0
16
27
37
41
17
25
9
46
29
33
8
31
6
12
36
44
58
34
55
50
40
18
19
22
35
45
32
53
60
51
49
30
67
38
47
62
57
39
52
63
56
71
59
61
54
42
76
68
11
30
10
8
5
34
3
27
24
23
14
13
41
12
0
45
15
4
19
9
22
18
1
31
7
17
20
32
16
39
44
33
38
36
47
26
42
2
40
6
53
37
21
25
50
48
28
54
56
43
55
29
52
35
46
58
67
64
66
62
51
63
69
68
75
27
20
14
47
0
34
16
10
28
36
3
45
32
53
29
2
17
1
11
6
51
18
13
23
26
52
8
24
5
19
7
4
38
35
21
30
44
12
48
41
22
9
57
15
42
40
37
46
55
49
31
59
25
63
43
39
54
33
68
58
66
74
69
71
56
65
73
62
17
19
9
3
0
45
43
6
50
1
18
12
14
32
8
37
10
44
4
29
5
39
22
42
7
11
31
54
55
24
47
33
28
2
25
20
56
46
13
34
35
26
38
16
27
15
23
30
58
48
21
65
36
63
40
41
68
70
59
61
71
49
62
73
52
64
53
57
14
0
10
24
39
33
35
7
4
27
8
29
16
1
17
12
21
38
50
19
9
5
13
23
3
34
30
37
47
15
20
18
43
44
36
26
25
6
46
41
42
40
22
62
11
58
32
49
55
2
56
48
67
60
28
31
54
61
63
53
66
57
74
51
45
72
65
68
2
22
50
30
1
23
14
4
31
26
8
7
20
9
25
38
18
45
3
5
6
39
29
15
33
10
24
0
21
36
17
41
12
49
32
27
34
63
42
13
16
37
48
11
35
40
43
58
59
44
19
54
28
67
55
52
65
62
74
47
51
73
64
71
57
8
24
21
18
1
42
32
26
0
14
37
16
3
5
6
27
23
39
31
4
12
13
45
11
2
29
51
19
9
57
46
22
34
35
17
20
47
36
15
58
7
28
25
49
10
33
40
41
53
55
38
30
66
62
50
52
61
69
43
65
59
48
63
44
30
13
23
10
47
18
4
39
34
20
14
15
2
7
51
40
6
0
36
44
21
24
35
22
3
48
26
29
56
46
9
41
42
50
28
8
5
16
12
17
1
11
32
19
33
58
43
65
57
37
62
49
59
52
31
67
54
45
38
27
66
25
64
53
61
71
70
60
76
69
1
22
35
4
6
34
2
29
41
7
3
40
13
11
16
19
9
8
24
0
20
12
21
17
37
55
51
10
23
14
28
44
18
31
30
5
26
47
39
46
49
15
45
38
59
32
52
61
69
70
65
36
25
57
48
43
66
27
67
33
60
64
50
72
73
76
42
8
32
7
4
29
20
6
13
22
39
45
54
19
21
43
36
9
16
5
17
50
11
27
1
38
23
40
12
41
14
18
24
3
0
31
28
15
30
33
25
34
55
47
67
44
48
46
37
10
65
56
26
35
52
61
64
2
63
51
53
43
8
34
39
28
30
48
22
23
4
13
0
16
14
1
15
38
40
54
6
47
35
42
51
20
10
17
52
11
7
61
21
31
18
55
44
37
9
53
24
12
25
5
3
26
62
63
64
32
71
36
19
49
29
27
33
2
50
45
65
41
46
21
8
31
36
11
0
32
4
34
7
5
17
37
19
23
30
12
24
62
45
13
6
44
18
14
43
2
50
28
60
9
22
26
35
25
53
20
10
39
55
56
27
47
1
42
51
33
16
46
3
29
15
70
71
38
54
48
41
61
64
63
40
29
19
6
2
1
39
37
27
5
21
23
10
15
12
28
26
3
30
8
0
14
9
48
34
20
46
59
63
13
62
44
17
4
22
25
41
7
18
16
31
35
52
32
33
11
24
36
45
47
66
42
56
55
65
73
38
69
40
3
7
1
14
21
29
33
4
20
19
18
0
23
2
45
15
13
12
8
9
11
58
38
32
17
6
39
44
37
24
41
35
27
56
30
10
47
31
36
71
34
42
5
51
63
16
52
22
55
54
25
46
28
57
43
26
48
59
66
45
21
1
10
12
20
23
22
59
11
3
0
25
52
27
34
4
2
28
6
24
60
33
47
40
41
44
39
37
46
18
55
32
48
7
42
13
30
58
68
8
54
15
38
29
14
49
5
53
17
43
36
31
51
19
65
26
35
73
9
72
50
28
42
8
53
14
11
35
6
60
50
44
2
0
23
19
51
10
5
3
22
58
16
9
46
4
24
31
21
48
61
15
52
29
32
27
30
1
43
36
25
12
13
49
18
47
40
20
17
70
38
39
33
57
37
34
71
54
41
59
18
20
22
41
10
31
9
4
13
24
37
35
47
5
0
1
17
7
39
6
11
2
58
15
40
14
25
19
12
55
29
49
68
30
16
33
27
8
46
28
42
3
51
56
57
21
72
43
53
59
36
69
74
14
7
6
4
51
3
17
15
8
5
11
55
41
32
30
25
2
21
34
44
37
56
43
0
31
57
19
24
33
53
1
72
9
45
38
13
22
54
62
70
16
12
67
47
35
46
60
29
18
50
10
58
42
23
36
20
52
39
27
45
38
13
30
32
42
2
5
44
19
46
36
0
11
22
33
54
55
26
29
27
9
7
21
49
24
6
34
56
52
12
60
50
67
39
4
69
1
35
28
37
47
23
61
14
31
43
3
48
16
20
57
35
18
21
55
31
4
7
44
23
52
53
5
2
33
24
22
49
6
34
36
38
1
13
66
14
12
56
25
9
30
29
65
11
41
17
39
28
0
19
80
0
5
23
7
14
40
43
22
39
20
31
18
3
51
24
4
62
21
26
50
19
37
6
64
34
15
8
17
13
32
28
10
25
11
35
49
38
42
46
12
47
69
45
36
1
52
48
33
17
30
5
39
15
56
11
29
6
26
7
44
0
1
54
3
73
2
16
49
66
32
35
37
50
34
14
36
45
24
20
4
41
19
9
10
21
74
22
42
68
12
60
27
64
31
55
14
24
9
0
56
46
3
11
42
51
22
32
17
19
2
59
13
7
44
30
15
4
12
43
37
10
18
65
29
63
55
28
16
21
34
5
20
26
33
9
61
58
0
31
1
48
16
43
46
51
59
40
13
6
8
55
32
11
18
47
36
50
35
15
25
63
5
2
20
42
41
26
33
44
12
29
53
40
34
29
65
14
23
28
17
12
5
21
3
20
15
13
33
1
22
64
42
56
26
6
52
43
2
7
62
41
32
14
44
35
20
7
1
69
10
6
3
31
51
62
11
21
12
56
15
60
53
50
29
32
19
7
13
4
5
20
50
52
29
53
8
0
6
22
26
45
34
14
27
25
69
12
11
28
46
37
64
31
30
2
7
38
22
42
16
21
40
10
3
33
26
34
19
49
5
41
23
4
17
56
29
36
37
8
48
18
7
55
44
3
4
10
1
13
18
12
11
24
2
5
17
0
3
41
33
12
67
11
37
