19
21
34
50
65
79
93
105
118
130
140
152
162
169
178
184
190
194
196
197
1
2
3
4
6
5
8
11
12
7
9
10
13
14
16
15
0
3
2
4
5
6
7
11
12
8
9
13
10
0
5
1
6
3
7
8
4
9
11
10
14
15
13
18
17
0
1
4
2
5
6
7
8
10
9
13
11
17
14
16
0
1
3
5
2
7
10
6
11
8
13
9
12
14
2
4
1
3
0
8
9
6
11
10
7
13
16
14
2
0
1
3
10
8
4
9
5
7
11
15
2
1
4
3
8
0
11
6
5
14
12
13
15
2
0
6
5
1
3
7
4
12
10
9
15
2
6
1
5
0
3
4
8
10
12
6
4
3
1
2
8
0
9
5
11
13
16
1
2
4
0
7
5
10
3
6
12
1
0
8
4
7
11
9
1
4
0
5
3
10
2
15
7
2
0
3
5
4
7
2
8
13
6
0
7
5
10
0
3
3
2
2
