878
880
882
884
886
888
890
892
894
896
898
900
902
904
906
908
910
912
914
916
918
920
922
924
926
928
930
932
934
936
938
940
942
944
946
948
950
952
954
956
958
960
962
964
966
968
970
972
974
976
978
980
982
984
986
988
990
992
994
996
998
1000
1002
1004
1006
1008
1010
1012
1014
1016
1018
1020
1022
1024
1026
1028
1030
1032
1034
1036
1038
1040
1042
1044
1046
1048
1050
1052
1054
1056
1058
1060
1062
1064
1066
1068
1070
1072
1074
1076
1078
1080
1082
1084
1086
1088
1090
1092
1094
1096
1098
1100
1102
1104
1106
1108
1110
1112
1114
1116
1118
1120
1122
1124
1126
1128
1130
1132
1134
1136
1138
1140
1142
1144
1146
1148
1150
1152
1154
1156
1158
1160
1162
1164
1166
1168
1170
1172
1174
1176
1178
1180
1182
1184
1186
1188
1190
1192
1194
1196
1198
1200
1202
1204
1206
1208
1210
1212
1214
1216
1218
1220
1222
1224
1226
1228
1230
1232
1234
1236
1238
1240
1242
1244
1246
1248
1250
1252
1254
1256
1258
1260
1262
1264
1266
1268
1270
1272
1274
1276
1278
1280
1282
1284
1286
1288
1290
1292
1294
1296
1298
1300
1302
1304
1306
1308
1310
1312
1314
1316
1318
1320
1322
1324
1326
1328
1330
1332
1334
1336
1338
1340
1342
1344
1346
1348
1350
1352
1354
1356
1358
1360
1362
1364
1366
1368
1370
1372
1374
1376
1378
1380
1382
1384
1386
1388
1390
1392
1394
1396
1398
1400
1402
1404
1406
1408
1410
1412
1414
1416
1418
1420
1422
1424
1426
1428
1430
1432
1434
1436
1438
1440
1442
1444
1446
1448
1450
1452
1454
1456
1458
1460
1462
1464
1466
1468
1470
1472
1474
1476
1478
1480
1482
1484
1486
1488
1490
1492
1494
1496
1498
1500
1502
1504
1506
1508
1510
1512
1514
1516
1518
1520
1522
1524
1526
1528
1530
1532
1534
1536
1538
1540
1542
1544
1546
1548
1550
1552
1554
1556
1558
1560
1562
1564
1566
1568
1570
1572
1574
1576
1578
1580
1582
1584
1586
1588
1590
1592
1594
1596
1598
1600
1602
1604
1606
1608
1610
1612
1614
1616
1618
1620
1622
1624
1626
1628
1630
1632
1634
1636
1638
1640
1642
1644
1646
1648
1650
1652
1654
1656
1658
1660
1662
1664
1666
1668
1670
1672
1674
1676
1678
1680
1682
1684
1686
1688
1690
1692
1694
1696
1698
1700
1702
1704
1706
1708
1710
1712
1714
1716
1718
1720
1722
1724
1726
1728
1730
1732
1734
1736
1738
1740
1742
1744
1746
1748
1750
1752
1754
1756
1758
1760
1762
1764
1766
1768
1770
1772
1774
1776
1778
1780
1782
1784
1786
1788
1790
1792
1794
1796
1798
1800
1802
1804
1806
1808
1810
1812
1814
1816
1818
1820
1822
1824
1826
1828
1830
1832
1834
1836
1838
1840
1842
1844
1846
1848
1850
1852
1854
1856
1858
1860
1862
1864
1866
1868
1870
1872
1874
1876
1878
1880
1882
1884
1886
1888
1890
1892
1894
1896
1898
1900
1902
1904
1906
1908
1910
1912
1914
1916
1918
1920
1922
1924
1926
1928
1930
1932
1934
1936
1938
1940
1942
1944
1946
1948
1950
1952
1954
1956
1958
1960
1962
1964
1966
1968
1970
1972
1974
1976
1978
1980
1982
1984
1986
1988
1990
1992
1994
1996
1998
2000
2002
2004
2006
2008
2010
2012
2014
2016
2018
2020
2022
2024
2026
2028
2030
2032
2034
2036
2038
2040
2042
2044
2046
2048
2050
2052
2054
2056
2058
2060
2062
2064
2066
2068
2070
2072
2074
2076
2078
2080
2082
2084
2086
2088
2090
2092
2094
2096
2098
2100
2102
2104
2106
2108
2110
2112
2114
2116
2118
2120
2122
2124
2126
2128
2130
2132
2134
2136
2138
2140
2142
2144
2146
2148
2150
2152
2154
2156
2158
2160
2162
2164
2166
2168
2170
2172
2174
2176
2178
2180
2182
2184
2186
2188
2190
2192
2194
2196
2198
2200
2202
2204
2206
2208
2210
2212
2214
2216
2218
2220
2222
2224
2226
2228
2230
2232
2234
2236
2238
2240
2242
2244
2246
2248
2250
2252
2254
2256
2258
2260
2262
2264
2266
2268
2270
2272
2274
2276
2278
2280
2282
2284
2286
2288
2290
2292
2294
2296
2298
2300
2302
2304
2306
2308
2310
2312
2314
2316
2318
2320
2322
2324
2326
2328
2330
2332
2334
2336
2338
2340
2342
2344
2346
2348
2350
2352
2354
2356
2358
2360
2362
2364
2366
2368
2370
2372
2374
2376
2378
2380
2382
2384
2386
2388
2390
2392
2394
2396
2398
2400
2402
2404
2406
2408
2410
2412
2414
2416
2418
2420
2422
2424
2426
2428
2430
2432
2434
2436
2438
2440
2442
2444
2446
2448
2450
2452
2454
2456
2458
2460
2462
2464
2466
2468
2470
2472
2474
2476
2478
2480
2482
2484
2486
2488
2490
2492
2494
2496
2498
2500
2502
2504
2506
2508
2510
2512
2514
2516
2518
2520
2522
2524
2526
2528
2530
2532
2534
2536
2538
2540
2542
2544
2546
2548
2550
2552
2554
2556
2558
2560
2562
2564
2566
2568
2570
2572
2574
2576
2578
2580
2582
2584
2586
2588
2590
2592
2594
2596
2598
2600
2602
2604
2606
2608
2610
2612
2614
2616
2618
2620
2622
2624
2626
2628
2630
2632
2634
877
1
2
0
3
1
4
2
5
3
6
4
7
5
8
6
9
7
10
8
11
9
12
10
13
11
14
12
15
13
16
14
17
15
18
16
19
17
20
18
21
19
22
20
23
21
24
22
25
23
26
24
27
25
28
26
29
27
30
28
31
29
32
30
33
31
34
32
35
33
36
34
37
35
38
36
39
37
40
38
41
39
42
40
43
41
44
42
45
43
46
44
47
45
48
46
49
47
50
48
51
49
52
50
53
51
54
52
55
53
56
54
57
55
58
56
59
57
60
58
61
59
62
60
63
61
64
62
65
63
66
64
67
65
68
66
69
67
70
68
71
69
72
70
73
71
74
72
75
73
76
74
77
75
78
76
79
77
80
78
81
79
82
80
83
81
84
82
85
83
86
84
87
85
88
86
89
87
90
88
91
89
92
90
93
91
94
92
95
93
96
94
97
95
98
96
99
97
100
98
101
99
102
100
103
101
104
102
105
103
106
104
107
105
108
106
109
107
110
108
111
109
112
110
113
111
114
112
115
113
116
114
117
115
118
116
119
117
120
118
121
119
122
120
123
121
124
122
125
123
126
124
127
125
128
126
129
127
130
128
131
129
132
130
133
131
134
132
135
133
136
134
137
135
138
136
139
137
140
138
141
139
142
140
143
141
144
142
145
143
146
144
147
145
148
146
149
147
150
148
151
149
152
150
153
151
154
152
155
153
156
154
157
155
158
156
159
157
160
158
161
159
162
160
163
161
164
162
165
163
166
164
167
165
168
166
169
167
170
168
171
169
172
170
173
171
174
172
175
173
176
174
177
175
178
176
179
177
180
178
181
179
182
180
183
181
184
182
185
183
186
184
187
185
188
186
189
187
190
188
191
189
192
190
193
191
194
192
195
193
196
194
197
195
198
196
199
197
200
198
201
199
202
200
203
201
204
202
205
203
206
204
207
205
208
206
209
207
210
208
211
209
212
210
213
211
214
212
215
213
216
214
217
215
218
216
219
217
220
218
221
219
222
220
223
221
224
222
225
223
226
224
227
225
228
226
229
227
230
228
231
229
232
230
233
231
234
232
235
233
236
234
237
235
238
236
239
237
240
238
241
239
242
240
243
241
244
242
245
243
246
244
247
245
248
246
249
247
250
248
251
249
252
250
253
251
254
252
255
253
256
254
257
255
258
256
259
257
260
258
261
259
262
260
263
261
264
262
265
263
266
264
267
265
268
266
269
267
270
268
271
269
272
270
273
271
274
272
275
273
276
274
277
275
278
276
279
277
280
278
281
279
282
280
283
281
284
282
285
283
286
284
287
285
288
286
289
287
290
288
291
289
292
290
293
291
294
292
295
293
296
294
297
295
298
296
299
297
300
298
301
299
302
300
303
301
304
302
305
303
306
304
307
305
308
306
309
307
310
308
311
309
312
310
313
311
314
312
315
313
316
314
317
315
318
316
319
317
320
318
321
319
322
320
323
321
324
322
325
323
326
324
327
325
328
326
329
327
330
328
331
329
332
330
333
331
334
332
335
333
336
334
337
335
338
336
339
337
340
338
341
339
342
340
343
341
344
342
345
343
346
344
347
345
348
346
349
347
350
348
351
349
352
350
353
351
354
352
355
353
356
354
357
355
358
356
359
357
360
358
361
359
362
360
363
361
364
362
365
363
366
364
367
365
368
366
369
367
370
368
371
369
372
370
373
371
374
372
375
373
376
374
377
375
378
376
379
377
380
378
381
379
382
380
383
381
384
382
385
383
386
384
387
385
388
386
389
387
390
388
391
389
392
390
393
391
394
392
395
393
396
394
397
395
398
396
399
397
400
398
401
399
402
400
403
401
404
402
405
403
406
404
407
405
408
406
409
407
410
408
411
409
412
410
413
411
414
412
415
413
416
414
417
415
418
416
419
417
420
418
421
419
422
420
423
421
424
422
425
423
426
424
427
425
428
426
429
427
430
428
431
429
432
430
433
431
434
432
435
433
436
434
437
435
438
436
439
437
440
438
441
439
442
440
443
441
444
442
445
443
446
444
447
445
448
446
449
447
450
448
451
449
452
450
453
451
454
452
455
453
456
454
457
455
458
456
459
457
460
458
461
459
462
460
463
461
464
462
465
463
466
464
467
465
468
466
469
467
470
468
471
469
472
470
473
471
474
472
475
473
476
474
477
475
478
476
479
477
480
478
481
479
482
480
483
481
484
482
485
483
486
484
487
485
488
486
489
487
490
488
491
489
492
490
493
491
494
492
495
493
496
494
497
495
498
496
499
497
500
498
501
499
502
500
503
501
504
502
505
503
506
504
507
505
508
506
509
507
510
508
511
509
512
510
513
511
514
512
515
513
516
514
517
515
518
516
519
517
520
518
521
519
522
520
523
521
524
522
525
523
526
524
527
525
528
526
529
527
530
528
531
529
532
530
533
531
534
532
535
533
536
534
537
535
538
536
539
537
540
538
541
539
542
540
543
541
544
542
545
543
546
544
547
545
548
546
549
547
550
548
551
549
552
550
553
551
554
552
555
553
556
554
557
555
558
556
559
557
560
558
561
559
562
560
563
561
564
562
565
563
566
564
567
565
568
566
569
567
570
568
571
569
572
570
573
571
574
572
575
573
576
574
577
575
578
576
579
577
580
578
581
579
582
580
583
581
584
582
585
583
586
584
587
585
588
586
589
587
590
588
591
589
592
590
593
591
594
592
595
593
596
594
597
595
598
596
599
597
600
598
601
599
602
600
603
601
604
602
605
603
606
604
607
605
608
606
609
607
610
608
611
609
612
610
613
611
614
612
615
613
616
614
617
615
618
616
619
617
620
618
621
619
622
620
623
621
624
622
625
623
626
624
627
625
628
626
629
627
630
628
631
629
632
630
633
631
634
632
635
633
636
634
637
635
638
636
639
637
640
638
641
639
642
640
643
641
644
642
645
643
646
644
647
645
648
646
649
647
650
648
651
649
652
650
653
651
654
652
655
653
656
654
657
655
658
656
659
657
660
658
661
659
662
660
663
661
664
662
665
663
666
664
667
665
668
666
669
667
670
668
671
669
672
670
673
671
674
672
675
673
676
674
677
675
678
676
679
677
680
678
681
679
682
680
683
681
684
682
685
683
686
684
687
685
688
686
689
687
690
688
691
689
692
690
693
691
694
692
695
693
696
694
697
695
698
696
699
697
700
698
701
699
702
700
703
701
704
702
705
703
706
704
707
705
708
706
709
707
710
708
711
709
712
710
713
711
714
712
715
713
716
714
717
715
718
716
719
717
720
718
721
719
722
720
723
721
724
722
725
723
726
724
727
725
728
726
729
727
730
728
731
729
732
730
733
731
734
732
735
733
736
734
737
735
738
736
739
737
740
738
741
739
742
740
743
741
744
742
745
743
746
744
747
745
748
746
749
747
750
748
751
749
752
750
753
751
754
752
755
753
756
754
757
755
758
756
759
757
760
758
761
759
762
760
763
761
764
762
765
763
766
764
767
765
768
766
769
767
770
768
771
769
772
770
773
771
774
772
775
773
776
774
777
775
778
776
779
777
780
778
781
779
782
780
783
781
784
782
785
783
786
784
787
785
788
786
789
787
790
788
791
789
792
790
793
791
794
792
795
793
796
794
797
795
798
796
799
797
800
798
801
799
802
800
803
801
804
802
805
803
806
804
807
805
808
806
809
807
810
808
811
809
812
810
813
811
814
812
815
813
816
814
817
815
818
816
819
817
820
818
821
819
822
820
823
821
824
822
825
823
826
824
827
825
828
826
829
827
830
828
831
829
832
830
833
831
834
832
835
833
836
834
837
835
838
836
839
837
840
838
841
839
842
840
843
841
844
842
845
843
846
844
847
845
848
846
849
847
850
848
851
849
852
850
853
851
854
852
855
853
856
854
857
855
858
856
859
857
860
858
861
859
862
860
863
861
864
862
865
863
866
864
867
865
868
866
869
867
870
868
871
869
872
870
873
871
874
872
875
873
876
874
877
875
0
876
