584
586
588
590
592
594
596
598
600
602
604
606
608
610
612
614
616
618
620
622
624
626
628
630
632
634
636
638
640
642
644
646
648
650
652
654
656
658
660
662
664
666
668
670
672
674
676
678
680
682
684
686
688
690
692
694
696
698
700
702
704
706
708
710
712
714
716
718
720
722
724
726
728
730
732
734
736
738
740
742
744
746
748
750
752
754
756
758
760
762
764
766
768
770
772
774
776
778
780
782
784
786
788
790
792
794
796
798
800
802
804
806
808
810
812
814
816
818
820
822
824
826
828
830
832
834
836
838
840
842
844
846
848
850
852
854
856
858
860
862
864
866
868
870
872
874
876
878
880
882
884
886
888
890
892
894
896
898
900
902
904
906
908
910
912
914
916
918
920
922
924
926
928
930
932
934
936
938
940
942
944
946
948
950
952
954
956
958
960
962
964
966
968
970
972
974
976
978
980
982
984
986
988
990
992
994
996
998
1000
1002
1004
1006
1008
1010
1012
1014
1016
1018
1020
1022
1024
1026
1028
1030
1032
1034
1036
1038
1040
1042
1044
1046
1048
1050
1052
1054
1056
1058
1060
1062
1064
1066
1068
1070
1072
1074
1076
1078
1080
1082
1084
1086
1088
1090
1092
1094
1096
1098
1100
1102
1104
1106
1108
1110
1112
1114
1116
1118
1120
1122
1124
1126
1128
1130
1132
1134
1136
1138
1140
1142
1144
1146
1148
1150
1152
1154
1156
1158
1160
1162
1164
1166
1168
1170
1172
1174
1176
1178
1180
1182
1184
1186
1188
1190
1192
1194
1196
1198
1200
1202
1204
1206
1208
1210
1212
1214
1216
1218
1220
1222
1224
1226
1228
1230
1232
1234
1236
1238
1240
1242
1244
1246
1248
1250
1252
1254
1256
1258
1260
1262
1264
1266
1268
1270
1272
1274
1276
1278
1280
1282
1284
1286
1288
1290
1292
1294
1296
1298
1300
1302
1304
1306
1308
1310
1312
1314
1316
1318
1320
1322
1324
1326
1328
1330
1332
1334
1336
1338
1340
1342
1344
1346
1348
1350
1352
1354
1356
1358
1360
1362
1364
1366
1368
1370
1372
1374
1376
1378
1380
1382
1384
1386
1388
1390
1392
1394
1396
1398
1400
1402
1404
1406
1408
1410
1412
1414
1416
1418
1420
1422
1424
1426
1428
1430
1432
1434
1436
1438
1440
1442
1444
1446
1448
1450
1452
1454
1456
1458
1460
1462
1464
1466
1468
1470
1472
1474
1476
1478
1480
1482
1484
1486
1488
1490
1492
1494
1496
1498
1500
1502
1504
1506
1508
1510
1512
1514
1516
1518
1520
1522
1524
1526
1528
1530
1532
1534
1536
1538
1540
1542
1544
1546
1548
1550
1552
1554
1556
1558
1560
1562
1564
1566
1568
1570
1572
1574
1576
1578
1580
1582
1584
1586
1588
1590
1592
1594
1596
1598
1600
1602
1604
1606
1608
1610
1612
1614
1616
1618
1620
1622
1624
1626
1628
1630
1632
1634
1636
1638
1640
1642
1644
1646
1648
1650
1652
1654
1656
1658
1660
1662
1664
1666
1668
1670
1672
1674
1676
1678
1680
1682
1684
1686
1688
1690
1692
1694
1696
1698
1700
1702
1704
1706
1708
1710
1712
1714
1716
1718
1720
1722
1724
1726
1728
1730
1732
1734
1736
1738
1740
1742
1744
1746
1748
1750
1752
583
1
2
0
3
1
4
2
5
3
6
4
7
5
8
6
9
7
10
8
11
9
12
10
13
11
14
12
15
13
16
14
17
15
18
16
19
17
20
18
21
19
22
20
23
21
24
22
25
23
26
24
27
25
28
26
29
27
30
28
31
29
32
30
33
31
34
32
35
33
36
34
37
35
38
36
39
37
40
38
41
39
42
40
43
41
44
42
45
43
46
44
47
45
48
46
49
47
50
48
51
49
52
50
53
51
54
52
55
53
56
54
57
55
58
56
59
57
60
58
61
59
62
60
63
61
64
62
65
63
66
64
67
65
68
66
69
67
70
68
71
69
72
70
73
71
74
72
75
73
76
74
77
75
78
76
79
77
80
78
81
79
82
80
83
81
84
82
85
83
86
84
87
85
88
86
89
87
90
88
91
89
92
90
93
91
94
92
95
93
96
94
97
95
98
96
99
97
100
98
101
99
102
100
103
101
104
102
105
103
106
104
107
105
108
106
109
107
110
108
111
109
112
110
113
111
114
112
115
113
116
114
117
115
118
116
119
117
120
118
121
119
122
120
123
121
124
122
125
123
126
124
127
125
128
126
129
127
130
128
131
129
132
130
133
131
134
132
135
133
136
134
137
135
138
136
139
137
140
138
141
139
142
140
143
141
144
142
145
143
146
144
147
145
148
146
149
147
150
148
151
149
152
150
153
151
154
152
155
153
156
154
157
155
158
156
159
157
160
158
161
159
162
160
163
161
164
162
165
163
166
164
167
165
168
166
169
167
170
168
171
169
172
170
173
171
174
172
175
173
176
174
177
175
178
176
179
177
180
178
181
179
182
180
183
181
184
182
185
183
186
184
187
185
188
186
189
187
190
188
191
189
192
190
193
191
194
192
195
193
196
194
197
195
198
196
199
197
200
198
201
199
202
200
203
201
204
202
205
203
206
204
207
205
208
206
209
207
210
208
211
209
212
210
213
211
214
212
215
213
216
214
217
215
218
216
219
217
220
218
221
219
222
220
223
221
224
222
225
223
226
224
227
225
228
226
229
227
230
228
231
229
232
230
233
231
234
232
235
233
236
234
237
235
238
236
239
237
240
238
241
239
242
240
243
241
244
242
245
243
246
244
247
245
248
246
249
247
250
248
251
249
252
250
253
251
254
252
255
253
256
254
257
255
258
256
259
257
260
258
261
259
262
260
263
261
264
262
265
263
266
264
267
265
268
266
269
267
270
268
271
269
272
270
273
271
274
272
275
273
276
274
277
275
278
276
279
277
280
278
281
279
282
280
283
281
284
282
285
283
286
284
287
285
288
286
289
287
290
288
291
289
292
290
293
291
294
292
295
293
296
294
297
295
298
296
299
297
300
298
301
299
302
300
303
301
304
302
305
303
306
304
307
305
308
306
309
307
310
308
311
309
312
310
313
311
314
312
315
313
316
314
317
315
318
316
319
317
320
318
321
319
322
320
323
321
324
322
325
323
326
324
327
325
328
326
329
327
330
328
331
329
332
330
333
331
334
332
335
333
336
334
337
335
338
336
339
337
340
338
341
339
342
340
343
341
344
342
345
343
346
344
347
345
348
346
349
347
350
348
351
349
352
350
353
351
354
352
355
353
356
354
357
355
358
356
359
357
360
358
361
359
362
360
363
361
364
362
365
363
366
364
367
365
368
366
369
367
370
368
371
369
372
370
373
371
374
372
375
373
376
374
377
375
378
376
379
377
380
378
381
379
382
380
383
381
384
382
385
383
386
384
387
385
388
386
389
387
390
388
391
389
392
390
393
391
394
392
395
393
396
394
397
395
398
396
399
397
400
398
401
399
402
400
403
401
404
402
405
403
406
404
407
405
408
406
409
407
410
408
411
409
412
410
413
411
414
412
415
413
416
414
417
415
418
416
419
417
420
418
421
419
422
420
423
421
424
422
425
423
426
424
427
425
428
426
429
427
430
428
431
429
432
430
433
431
434
432
435
433
436
434
437
435
438
436
439
437
440
438
441
439
442
440
443
441
444
442
445
443
446
444
447
445
448
446
449
447
450
448
451
449
452
450
453
451
454
452
455
453
456
454
457
455
458
456
459
457
460
458
461
459
462
460
463
461
464
462
465
463
466
464
467
465
468
466
469
467
470
468
471
469
472
470
473
471
474
472
475
473
476
474
477
475
478
476
479
477
480
478
481
479
482
480
483
481
484
482
485
483
486
484
487
485
488
486
489
487
490
488
491
489
492
490
493
491
494
492
495
493
496
494
497
495
498
496
499
497
500
498
501
499
502
500
503
501
504
502
505
503
506
504
507
505
508
506
509
507
510
508
511
509
512
510
513
511
514
512
515
513
516
514
517
515
518
516
519
517
520
518
521
519
522
520
523
521
524
522
525
523
526
524
527
525
528
526
529
527
530
528
531
529
532
530
533
531
534
532
535
533
536
534
537
535
538
536
539
537
540
538
541
539
542
540
543
541
544
542
545
543
546
544
547
545
548
546
549
547
550
548
551
549
552
550
553
551
554
552
555
553
556
554
557
555
558
556
559
557
560
558
561
559
562
560
563
561
564
562
565
563
566
564
567
565
568
566
569
567
570
568
571
569
572
570
573
571
574
572
575
573
576
574
577
575
578
576
579
577
580
578
581
579
582
580
583
581
0
582
