355
357
359
361
363
365
367
369
371
373
375
377
379
381
383
385
387
389
391
393
395
397
399
401
403
405
407
409
411
413
415
417
419
421
423
425
427
429
431
433
435
437
439
441
443
445
447
449
451
453
455
457
459
461
463
465
467
469
471
473
475
477
479
481
483
485
487
489
491
493
495
497
499
501
503
505
507
509
511
513
515
517
519
521
523
525
527
529
531
533
535
537
539
541
543
545
547
549
551
553
555
557
559
561
563
565
567
569
571
573
575
577
579
581
583
585
587
589
591
593
595
597
599
601
603
605
607
609
611
613
615
617
619
621
623
625
627
629
631
633
635
637
639
641
643
645
647
649
651
653
655
657
659
661
663
665
667
669
671
673
675
677
679
681
683
685
687
689
691
693
695
697
699
701
703
705
707
709
711
713
715
717
719
721
723
725
727
729
731
733
735
737
739
741
743
745
747
749
751
753
755
757
759
761
763
765
767
769
771
773
775
777
779
781
783
785
787
789
791
793
795
797
799
801
803
805
807
809
811
813
815
817
819
821
823
825
827
829
831
833
835
837
839
841
843
845
847
849
851
853
855
857
859
861
863
865
867
869
871
873
875
877
879
881
883
885
887
889
891
893
895
897
899
901
903
905
907
909
911
913
915
917
919
921
923
925
927
929
931
933
935
937
939
941
943
945
947
949
951
953
955
957
959
961
963
965
967
969
971
973
975
977
979
981
983
985
987
989
991
993
995
997
999
1001
1003
1005
1007
1009
1011
1013
1015
1017
1019
1021
1023
1025
1027
1029
1031
1033
1035
1037
1039
1041
1043
1045
1047
1049
1051
1053
1055
1057
1059
1061
1063
1065
354
1
2
0
3
1
4
2
5
3
6
4
7
5
8
6
9
7
10
8
11
9
12
10
13
11
14
12
15
13
16
14
17
15
18
16
19
17
20
18
21
19
22
20
23
21
24
22
25
23
26
24
27
25
28
26
29
27
30
28
31
29
32
30
33
31
34
32
35
33
36
34
37
35
38
36
39
37
40
38
41
39
42
40
43
41
44
42
45
43
46
44
47
45
48
46
49
47
50
48
51
49
52
50
53
51
54
52
55
53
56
54
57
55
58
56
59
57
60
58
61
59
62
60
63
61
64
62
65
63
66
64
67
65
68
66
69
67
70
68
71
69
72
70
73
71
74
72
75
73
76
74
77
75
78
76
79
77
80
78
81
79
82
80
83
81
84
82
85
83
86
84
87
85
88
86
89
87
90
88
91
89
92
90
93
91
94
92
95
93
96
94
97
95
98
96
99
97
100
98
101
99
102
100
103
101
104
102
105
103
106
104
107
105
108
106
109
107
110
108
111
109
112
110
113
111
114
112
115
113
116
114
117
115
118
116
119
117
120
118
121
119
122
120
123
121
124
122
125
123
126
124
127
125
128
126
129
127
130
128
131
129
132
130
133
131
134
132
135
133
136
134
137
135
138
136
139
137
140
138
141
139
142
140
143
141
144
142
145
143
146
144
147
145
148
146
149
147
150
148
151
149
152
150
153
151
154
152
155
153
156
154
157
155
158
156
159
157
160
158
161
159
162
160
163
161
164
162
165
163
166
164
167
165
168
166
169
167
170
168
171
169
172
170
173
171
174
172
175
173
176
174
177
175
178
176
179
177
180
178
181
179
182
180
183
181
184
182
185
183
186
184
187
185
188
186
189
187
190
188
191
189
192
190
193
191
194
192
195
193
196
194
197
195
198
196
199
197
200
198
201
199
202
200
203
201
204
202
205
203
206
204
207
205
208
206
209
207
210
208
211
209
212
210
213
211
214
212
215
213
216
214
217
215
218
216
219
217
220
218
221
219
222
220
223
221
224
222
225
223
226
224
227
225
228
226
229
227
230
228
231
229
232
230
233
231
234
232
235
233
236
234
237
235
238
236
239
237
240
238
241
239
242
240
243
241
244
242
245
243
246
244
247
245
248
246
249
247
250
248
251
249
252
250
253
251
254
252
255
253
256
254
257
255
258
256
259
257
260
258
261
259
262
260
263
261
264
262
265
263
266
264
267
265
268
266
269
267
270
268
271
269
272
270
273
271
274
272
275
273
276
274
277
275
278
276
279
277
280
278
281
279
282
280
283
281
284
282
285
283
286
284
287
285
288
286
289
287
290
288
291
289
292
290
293
291
294
292
295
293
296
294
297
295
298
296
299
297
300
298
301
299
302
300
303
301
304
302
305
303
306
304
307
305
308
306
309
307
310
308
311
309
312
310
313
311
314
312
315
313
316
314
317
315
318
316
319
317
320
318
321
319
322
320
323
321
324
322
325
323
326
324
327
325
328
326
329
327
330
328
331
329
332
330
333
331
334
332
335
333
336
334
337
335
338
336
339
337
340
338
341
339
342
340
343
341
344
342
345
343
346
344
347
345
348
346
349
347
350
348
351
349
352
350
353
351
354
352
0
353
