142
144
146
148
150
152
154
156
158
160
162
164
166
168
170
172
174
176
178
180
182
184
186
188
190
192
194
196
198
200
202
204
206
208
210
212
214
216
218
220
222
224
226
228
230
232
234
236
238
240
242
244
246
248
250
252
254
256
258
260
262
264
266
268
270
272
274
276
278
280
282
284
286
288
290
292
294
296
298
300
302
304
306
308
310
312
314
316
318
320
322
324
326
328
330
332
334
336
338
340
342
344
346
348
350
352
354
356
358
360
362
364
366
368
370
372
374
376
378
380
382
384
386
388
390
392
394
396
398
400
402
404
406
408
410
412
414
416
418
420
422
424
426
141
1
2
0
3
1
4
2
5
3
6
4
7
5
8
6
9
7
10
8
11
9
12
10
13
11
14
12
15
13
16
14
17
15
18
16
19
17
20
18
21
19
22
20
23
21
24
22
25
23
26
24
27
25
28
26
29
27
30
28
31
29
32
30
33
31
34
32
35
33
36
34
37
35
38
36
39
37
40
38
41
39
42
40
43
41
44
42
45
43
46
44
47
45
48
46
49
47
50
48
51
49
52
50
53
51
54
52
55
53
56
54
57
55
58
56
59
57
60
58
61
59
62
60
63
61
64
62
65
63
66
64
67
65
68
66
69
67
70
68
71
69
72
70
73
71
74
72
75
73
76
74
77
75
78
76
79
77
80
78
81
79
82
80
83
81
84
82
85
83
86
84
87
85
88
86
89
87
90
88
91
89
92
90
93
91
94
92
95
93
96
94
97
95
98
96
99
97
100
98
101
99
102
100
103
101
104
102
105
103
106
104
107
105
108
106
109
107
110
108
111
109
112
110
113
111
114
112
115
113
116
114
117
115
118
116
119
117
120
118
121
119
122
120
123
121
124
122
125
123
126
124
127
125
128
126
129
127
130
128
131
129
132
130
133
131
134
132
135
133
136
134
137
135
138
136
139
137
140
138
141
139
0
140
