17
19
28
42
56
64
75
87
99
112
126
140
149
161
169
179
190
199
2
1
3
4
5
6
7
9
10
13
8
14
0
2
3
10
12
6
11
13
5
0
1
3
4
5
7
8
9
10
12
6
13
15
16
0
2
1
7
5
8
9
10
4
12
13
14
15
6
0
2
6
3
12
9
15
11
0
2
7
3
9
8
11
6
15
10
1
0
4
7
8
9
5
2
14
1
10
3
11
0
6
3
5
8
2
9
10
12
11
14
16
7
6
3
2
9
10
5
11
12
13
0
14
15
8
3
7
2
0
5
10
6
12
13
14
4
15
16
8
7
2
9
0
3
12
13
15
14
1
5
16
6
8
5
7
12
16
1
6
4
15
8
7
10
3
9
2
11
4
15
1
14
16
8
10
0
9
2
3
16
1
8
7
0
9
3
15
10
16
6
12
8
3
9
14
2
5
4
10
12
16
11
14
13
10
7
9
2
15
11
12
