58
60
102
152
197
238
285
340
388
423
474
525
570
612
653
707
752
793
839
881
925
965
1014
1062
1109
1152
1202
1246
1292
1338
1378
1416
1459
1499
1541
1580
1619
1656
1693
1740
1777
1813
1848
1890
1920
1956
1990
2022
2057
2089
2127
2160
2195
2236
2266
2306
2341
2367
2388
2
1
3
4
5
6
7
9
10
13
8
14
15
19
17
20
22
12
23
24
25
18
26
27
29
28
31
11
16
38
33
32
44
46
47
45
37
40
49
50
51
52
54
56
53
57
0
2
3
10
12
6
11
13
5
16
17
14
19
20
23
9
7
22
27
28
29
21
32
18
4
35
30
34
36
33
37
25
38
42
45
48
49
46
52
53
54
56
0
1
3
4
5
7
8
9
10
12
6
13
15
16
17
19
23
21
28
29
20
31
11
32
34
22
26
25
38
41
27
18
37
33
44
36
46
47
43
24
49
39
48
51
52
53
56
54
30
14
0
2
1
7
5
8
9
10
4
12
13
14
15
6
17
19
18
11
23
25
22
20
26
27
28
30
29
21
32
31
33
34
36
38
39
35
41
44
45
43
51
52
54
37
55
0
2
6
3
12
9
15
11
8
17
20
21
26
5
29
30
25
23
1
31
35
19
24
28
32
37
39
34
27
41
43
38
45
48
53
52
16
47
55
56
51
0
2
7
3
9
8
11
6
15
10
1
18
19
20
22
23
13
24
26
4
17
29
28
32
16
30
25
31
14
21
33
34
36
38
37
41
44
42
40
45
27
50
51
52
54
55
56
0
4
7
8
9
5
2
14
1
10
3
11
17
12
16
19
13
20
21
18
22
24
25
23
26
28
30
29
27
15
31
36
37
40
41
32
44
38
45
33
42
47
46
48
49
43
50
34
51
52
53
54
55
57
56
0
6
3
5
8
2
9
10
12
11
14
16
21
20
22
15
1
13
24
25
23
27
26
29
30
28
31
34
36
38
39
40
41
42
44
43
46
19
47
48
35
37
50
52
53
49
54
55
7
6
3
2
9
10
5
11
12
13
0
14
15
4
22
23
21
27
30
31
19
33
37
17
39
25
41
42
43
34
48
49
35
52
57
8
3
7
2
0
5
10
6
12
13
14
4
15
16
17
18
20
11
22
24
1
25
26
28
29
31
30
23
21
33
32
19
35
36
27
38
41
42
45
34
44
39
47
50
49
52
53
56
51
54
57
8
7
2
9
0
3
12
13
15
14
1
5
16
6
17
18
19
22
25
24
11
26
27
21
20
28
30
31
29
33
32
35
36
37
38
23
40
42
43
45
46
49
50
44
47
52
48
54
53
55
56
8
5
7
12
16
1
6
4
15
3
20
9
23
10
21
27
28
30
2
32
31
17
25
0
19
36
13
34
38
37
40
42
22
43
44
46
33
48
47
51
52
50
53
29
57
8
7
10
3
9
2
11
4
15
1
14
16
6
17
19
21
0
23
26
27
28
32
20
33
31
34
29
39
40
41
22
18
43
44
45
47
48
13
51
54
52
55
8
10
0
9
2
3
16
1
17
18
14
6
22
15
5
25
7
26
27
28
21
31
11
38
37
41
39
35
29
46
48
50
12
23
51
53
32
55
19
56
57
8
7
0
9
3
15
10
16
6
12
17
18
13
1
19
20
21
22
23
24
26
25
30
31
32
29
27
33
5
34
35
36
37
38
28
39
40
41
42
43
44
45
46
47
48
49
50
51
52
53
54
55
56
2
8
3
9
14
2
5
4
10
12
16
11
0
21
13
22
7
25
17
28
26
19
6
18
20
29
24
34
35
30
36
32
39
42
43
46
44
47
48
49
38
40
52
54
55
27
14
13
10
7
9
2
15
11
12
17
1
18
6
20
21
22
25
24
28
31
26
19
27
29
5
33
36
37
38
0
23
40
41
46
53
54
4
55
57
56
42
14
6
16
10
13
3
9
1
2
12
18
19
4
0
21
25
22
20
26
15
28
27
5
23
30
29
31
11
34
33
24
8
41
40
44
45
46
42
49
50
47
55
54
51
52
57
14
13
16
10
5
17
9
3
21
6
22
25
0
26
23
31
30
15
1
27
34
33
38
32
20
39
40
42
12
2
35
45
37
47
49
50
48
51
52
54
55
57
14
2
12
10
17
3
0
1
6
5
21
24
27
23
26
15
28
16
29
8
32
9
11
4
37
40
39
34
41
44
38
42
46
7
35
22
49
47
50
33
51
13
56
57
14
9
6
11
1
0
16
5
21
7
4
24
17
3
26
27
10
28
25
29
30
2
15
12
23
33
34
18
39
37
43
35
46
47
49
51
55
38
54
52
14
18
15
19
6
17
20
7
22
16
12
4
11
8
27
2
10
28
30
31
13
9
1
23
3
24
29
26
5
34
33
36
32
35
37
40
39
42
43
38
44
47
48
25
49
50
51
52
54
14
21
5
18
6
9
13
16
0
8
7
15
24
23
10
17
3
26
1
27
29
31
32
28
35
2
25
30
38
40
36
41
12
34
11
44
45
46
19
48
51
50
43
53
52
42
56
47
14
2
3
1
12
11
0
8
5
24
22
25
26
6
7
19
28
18
17
29
30
9
21
20
4
33
34
32
37
38
10
39
35
40
16
42
43
44
46
49
50
13
51
52
36
55
54
14
23
19
6
9
22
20
0
25
10
26
5
16
27
7
28
29
30
31
21
15
34
35
17
4
37
38
39
36
40
42
47
2
41
49
50
33
52
45
53
55
57
54
24
18
17
15
9
10
3
0
13
23
6
16
26
7
28
20
29
14
30
31
4
5
11
33
32
34
22
37
1
2
38
39
8
41
45
40
21
48
49
46
36
50
43
44
47
54
56
55
53
57
24
23
9
0
3
14
17
12
22
18
5
25
20
6
10
4
13
7
19
15
30
16
32
27
31
33
21
28
2
36
38
35
40
41
42
44
39
45
51
34
54
56
55
48
24
19
1
11
21
8
22
20
0
10
7
3
12
13
17
29
31
6
16
32
26
18
14
33
34
30
35
9
38
37
28
4
40
39
41
2
43
45
49
5
46
54
55
15
56
51
24
10
2
20
6
21
1
25
17
3
9
15
23
12
13
16
0
11
7
31
19
5
29
22
32
33
35
26
4
14
38
27
41
40
39
43
42
37
49
50
30
46
51
53
56
44
24
9
25
5
4
0
20
7
23
22
27
2
6
17
3
1
28
32
16
10
19
14
15
21
34
36
12
38
37
39
30
41
13
47
42
49
48
51
55
11
24
7
20
14
4
17
26
25
23
6
3
21
18
31
8
10
9
11
5
33
27
1
15
22
36
38
39
41
29
37
44
45
28
49
52
42
56
2
24
9
14
2
18
27
16
21
25
30
28
0
22
8
10
13
7
32
6
17
11
3
26
4
5
33
12
35
36
40
41
34
42
44
46
45
50
47
51
53
52
54
56
14
22
27
29
28
31
5
26
1
12
11
3
2
10
19
34
9
25
21
33
23
4
15
18
38
40
6
44
0
45
47
49
51
50
36
53
54
13
52
57
14
10
26
25
27
9
30
8
28
20
12
23
31
16
5
3
35
21
18
36
17
32
1
38
39
40
0
44
2
43
45
6
46
11
48
49
51
24
19
52
54
55
14
27
29
24
7
32
23
2
17
15
20
18
5
21
25
3
1
12
11
4
41
22
31
19
42
8
9
46
47
39
48
38
6
52
26
36
55
57
54
14
10
31
33
22
24
28
27
4
1
15
9
21
37
38
26
3
23
39
40
41
42
18
43
45
13
20
46
19
47
7
49
50
48
8
36
54
55
57
14
29
11
31
10
6
9
21
7
33
15
1
16
37
3
26
30
5
38
39
24
22
42
2
44
41
46
25
50
35
43
32
23
53
52
34
40
14
21
6
24
1
35
23
25
36
19
10
16
8
38
13
27
4
5
29
39
11
20
2
44
30
18
46
47
28
0
45
48
7
49
3
52
56
14
18
16
24
35
23
13
37
10
29
26
3
36
33
5
27
11
7
30
2
25
9
39
22
28
1
32
0
42
43
21
6
4
19
44
46
47
49
15
34
52
51
48
54
55
20
53
14
18
3
30
38
33
29
12
25
23
24
36
15
7
4
37
8
27
20
35
21
19
41
42
28
44
43
13
26
9
34
48
2
51
52
50
55
14
22
12
21
10
19
6
27
31
24
23
33
18
26
7
11
16
35
32
28
17
43
45
5
25
0
49
15
52
50
53
54
55
57
36
48
14
5
31
12
9
2
26
25
28
22
7
16
17
30
39
27
13
34
6
8
29
35
19
4
42
3
43
45
48
36
24
52
50
53
54
14
39
34
15
18
23
35
8
26
7
31
9
41
38
21
1
24
10
11
36
43
28
19
44
6
5
17
46
47
50
29
48
51
30
45
54
55
56
53
22
57
16
14
8
23
10
21
28
4
15
27
12
42
41
38
20
11
39
35
33
7
40
45
3
2
6
44
25
46
36
22
57
14
19
37
33
39
32
31
23
3
7
5
12
17
21
6
26
2
22
38
42
0
9
11
36
30
15
47
45
43
10
25
51
52
53
54
28
14
18
41
35
9
25
32
10
1
43
17
12
40
6
3
33
22
27
5
4
30
47
44
31
0
37
26
49
50
51
24
54
42
55
14
31
19
35
10
15
17
2
0
20
42
22
34
7
11
13
38
37
23
33
6
16
25
36
27
28
1
43
51
53
54
56
14
21
37
32
44
12
0
45
15
18
6
24
2
29
34
7
35
48
38
9
20
11
49
19
42
17
25
10
31
53
52
54
4
56
22
14
21
7
47
41
1
15
8
25
6
11
4
37
33
13
22
12
49
39
34
2
35
18
29
42
38
51
53
10
55
26
40
14
19
35
28
21
33
27
17
18
20
47
25
6
48
23
1
40
24
2
8
45
10
0
9
38
15
50
29
30
32
52
37
53
51
7
54
55
57
14
5
28
42
35
9
31
10
6
36
7
17
13
21
23
24
25
0
19
49
18
51
45
52
41
32
22
40
11
54
39
55
57
14
21
3
33
5
2
23
28
50
32
0
44
20
26
6
13
22
39
11
46
12
38
45
31
42
18
49
48
19
29
17
55
9
4
27
14
9
38
1
11
30
10
15
2
5
21
50
44
41
23
6
7
3
49
8
34
0
40
24
33
4
53
18
47
31
54
37
39
36
22
32
20
17
55
56
12
14
49
7
4
46
16
28
31
47
13
22
41
40
24
52
32
44
6
1
9
48
2
36
10
11
55
38
25
0
42
14
6
45
7
5
35
46
50
52
3
12
25
18
15
27
47
49
32
44
16
40
26
1
38
41
31
33
42
10
21
17
20
55
0
56
23
9
2
24
34
14
27
35
17
5
29
38
7
10
15
13
20
39
4
50
33
16
54
53
6
18
40
42
24
49
34
3
23
48
25
52
51
26
45
12
14
27
19
25
54
0
28
10
47
5
13
42
1
9
46
37
26
52
31
2
30
57
16
22
6
4
56
18
49
16
42
24
50
35
32
6
19
0
11
9
17
34
13
8
40
43
25
