27
29
47
64
87
99
118
143
161
178
201
222
237
256
273
294
311
329
348
362
374
389
403
422
436
449
462
476
2
1
3
4
5
6
7
9
10
13
8
14
15
19
17
20
22
12
23
24
25
18
26
0
2
3
10
12
6
11
13
5
16
17
14
19
20
23
9
7
22
0
1
3
4
5
7
8
9
10
12
6
13
15
16
17
19
23
0
2
1
7
5
8
9
10
4
12
13
14
15
6
17
19
18
11
23
25
22
20
26
0
2
6
3
12
9
15
11
8
17
20
21
0
2
7
3
9
8
11
6
15
10
1
18
19
20
22
23
13
24
26
0
4
7
8
9
5
2
14
1
10
3
11
17
12
16
19
13
20
21
18
22
24
25
23
26
0
6
3
5
8
2
9
10
12
11
14
16
21
20
22
15
1
13
7
6
3
2
9
10
5
11
12
13
0
14
15
4
22
23
21
8
3
7
2
0
5
10
6
12
13
14
4
15
16
17
18
20
11
22
24
1
25
26
8
7
2
9
0
3
12
13
15
14
1
5
16
6
17
18
19
22
25
24
11
8
5
7
12
16
1
6
4
15
3
20
9
23
10
21
8
7
10
3
9
2
11
4
15
1
14
16
6
17
19
21
0
23
26
8
10
0
9
2
3
16
1
17
18
14
6
22
15
5
25
7
8
7
0
9
3
15
10
16
6
12
17
18
13
1
19
20
21
22
23
24
26
8
3
9
14
2
5
4
10
12
16
11
0
21
13
22
7
25
14
13
10
7
9
2
15
11
12
17
1
18
6
20
21
22
25
24
14
6
16
10
13
3
9
1
2
12
18
19
4
0
21
25
22
20
26
14
13
16
10
5
17
9
3
21
6
22
25
0
26
14
2
12
10
17
3
0
1
6
5
21
24
14
9
6
11
1
0
16
5
21
7
4
24
17
3
26
14
18
15
19
6
17
20
7
22
16
12
4
11
8
14
21
5
18
6
9
13
16
0
8
7
15
24
23
10
17
3
26
1
14
2
3
1
12
11
0
8
5
24
22
25
26
6
14
23
19
6
9
22
20
0
25
10
26
5
16
24
18
17
15
9
10
3
0
13
23
6
16
26
24
23
9
0
3
14
17
12
22
18
5
25
20
6
