111
113
206
292
380
466
559
650
737
813
905
1002
1096
1191
1276
1374
1460
1549
1645
1732
1825
1914
2012
2099
2189
2273
2366
2456
2544
2635
2724
2804
2902
2985
3078
3172
3264
3349
3443
3528
3614
3695
3787
3877
3963
4046
4137
4221
4313
4393
4477
4564
4655
4747
4828
4908
4988
5088
5171
5264
5352
5435
5519
5612
5689
5769
5855
5930
6016
6087
6165
6248
6330
6412
6499
6591
6662
6744
6826
6900
6972
7038
7107
7178
7250
7330
7394
7473
7531
7608
7673
7749
7822
7893
7956
8024
8090
8149
8218
8279
8348
8419
8488
8566
8634
8690
8741
8809
8866
8930
8980
9019
2
1
3
4
5
6
7
9
10
13
8
14
15
19
17
20
22
12
23
24
25
18
26
27
29
28
31
11
16
38
33
32
44
46
47
45
37
40
49
50
51
52
54
56
53
57
55
58
43
59
60
61
63
62
34
35
65
42
36
67
69
72
73
74
70
76
80
79
77
78
83
81
84
85
39
88
87
91
75
92
93
30
97
101
102
104
21
107
105
108
99
110
0
2
3
10
12
6
11
13
5
16
17
14
19
20
23
9
7
22
27
28
29
21
32
18
4
35
30
34
36
33
37
25
38
42
45
48
49
46
52
53
54
56
57
59
62
60
51
31
8
41
50
65
55
67
68
69
70
71
66
75
76
24
74
79
64
82
83
47
85
63
73
26
86
77
88
89
87
92
94
95
97
100
99
98
78
39
44
58
106
72
108
96
107
0
1
3
4
5
7
8
9
10
12
6
13
15
16
17
19
23
21
28
29
20
31
11
32
34
22
26
25
38
41
27
18
37
33
44
36
46
47
43
24
49
39
48
51
52
53
56
54
30
14
58
60
61
62
63
64
42
35
66
69
70
71
72
74
82
84
85
83
78
88
90
86
91
95
55
96
100
93
98
103
106
105
108
79
109
94
0
2
1
7
5
8
9
10
4
12
13
14
15
6
17
19
18
11
23
25
22
20
26
27
28
30
29
21
32
31
33
34
36
38
39
35
41
44
45
43
51
52
54
37
55
58
59
57
62
40
63
64
49
16
53
65
47
68
69
67
66
77
78
79
82
81
83
46
87
86
89
50
90
92
94
95
97
99
100
75
102
103
105
104
108
107
73
109
0
2
6
3
12
9
15
11
8
17
20
21
26
5
29
30
25
23
1
31
35
19
24
28
32
37
39
34
27
41
43
38
45
48
53
52
16
47
55
56
51
61
62
13
46
33
57
64
22
63
65
44
66
67
54
40
69
14
68
74
77
72
7
76
78
82
86
87
36
91
84
92
95
94
89
49
98
101
75
96
103
18
106
108
110
107
0
2
7
3
9
8
11
6
15
10
1
18
19
20
22
23
13
24
26
4
17
29
28
32
16
30
25
31
14
21
33
34
36
38
37
41
44
42
40
45
27
50
51
52
54
55
56
58
49
61
60
47
46
43
35
59
57
39
67
66
69
71
73
75
76
77
12
70
81
82
83
79
86
78
88
89
65
74
68
92
93
95
97
90
91
98
85
100
102
104
106
64
99
0
4
7
8
9
5
2
14
1
10
3
11
17
12
16
19
13
20
21
18
22
24
25
23
26
28
30
29
27
15
31
36
37
40
41
32
44
38
45
33
42
47
46
48
49
43
50
34
51
52
53
54
55
57
56
58
59
60
63
62
66
67
68
69
39
72
71
75
74
76
77
61
82
83
84
86
87
88
80
65
90
89
92
94
95
97
99
91
107
109
110
0
6
3
5
8
2
9
10
12
11
14
16
21
20
22
15
1
13
24
25
23
27
26
29
30
28
31
34
36
38
39
40
41
42
44
43
46
19
47
48
35
37
50
52
53
49
54
55
60
61
62
58
45
32
17
59
57
56
63
64
67
70
65
69
72
71
73
74
75
76
78
4
81
83
84
87
88
79
90
92
96
95
98
101
103
94
105
7
6
3
2
9
10
5
11
12
13
0
14
15
4
22
23
21
27
30
31
19
33
37
17
39
25
41
42
43
34
48
49
35
52
57
16
51
20
56
53
61
29
63
1
54
40
38
60
68
67
69
47
70
73
76
72
78
79
80
44
83
64
89
82
59
88
93
94
90
99
85
75
102
104
84
106
8
3
7
2
0
5
10
6
12
13
14
4
15
16
17
18
20
11
22
24
1
25
26
28
29
31
30
23
21
33
32
19
35
36
27
38
41
42
45
34
44
39
47
50
49
52
53
56
51
54
57
60
61
48
64
37
62
58
59
43
65
46
66
67
68
73
72
75
69
76
77
79
82
83
84
85
71
86
89
90
88
91
92
96
97
98
103
105
106
70
108
87
8
7
2
9
0
3
12
13
15
14
1
5
16
6
17
18
19
22
25
24
11
26
27
21
20
28
30
31
29
33
32
35
36
37
38
23
40
42
43
45
46
49
50
44
47
52
48
54
53
55
56
58
60
63
62
64
41
51
34
65
59
66
67
68
70
74
61
75
76
78
81
82
57
84
86
83
85
89
88
90
91
95
94
96
97
99
39
100
101
93
103
102
106
107
109
110
92
8
5
7
12
16
1
6
4
15
3
20
9
23
10
21
27
28
30
2
32
31
17
25
0
19
36
13
34
38
37
40
42
22
43
44
46
33
48
47
51
52
50
53
29
57
59
60
61
63
18
64
58
54
24
26
35
67
45
68
69
41
70
71
72
73
74
75
65
77
66
39
81
82
76
84
85
86
79
87
83
80
90
91
94
95
97
100
62
102
103
106
104
108
109
8
7
10
3
9
2
11
4
15
1
14
16
6
17
19
21
0
23
26
27
28
32
20
33
31
34
29
39
40
41
22
18
43
44
45
47
48
13
51
54
52
55
56
60
61
63
42
59
64
57
35
36
53
49
58
24
65
46
50
37
62
67
66
68
71
72
74
75
76
77
5
78
79
81
80
83
69
84
87
73
89
91
92
70
95
96
98
94
99
93
102
88
105
104
110
8
10
0
9
2
3
16
1
17
18
14
6
22
15
5
25
7
26
27
28
21
31
11
38
37
41
39
35
29
46
48
50
12
23
51
53
32
55
19
56
57
58
62
44
4
33
30
24
40
61
45
34
47
64
67
71
65
73
74
43
60
77
78
49
81
82
83
86
84
88
89
42
59
92
97
100
102
99
103
66
104
106
72
108
94
8
7
0
9
3
15
10
16
6
12
17
18
13
1
19
20
21
22
23
24
26
25
30
31
32
29
27
33
5
34
35
36
37
38
28
39
40
41
42
43
44
45
46
47
48
49
50
51
52
53
54
55
56
2
58
60
62
63
57
59
65
64
61
68
4
70
71
69
67
72
75
76
78
74
81
82
84
85
86
89
90
91
88
92
66
93
94
98
100
101
102
97
73
103
104
107
108
110
8
3
9
14
2
5
4
10
12
16
11
0
21
13
22
7
25
17
28
26
19
6
18
20
29
24
34
35
30
36
32
39
42
43
46
44
47
48
49
38
40
52
54
55
27
57
59
58
62
61
63
53
45
31
33
56
65
64
66
67
68
69
70
71
72
73
79
77
80
86
88
89
92
93
97
98
37
99
100
51
102
104
103
105
107
106
14
13
10
7
9
2
15
11
12
17
1
18
6
20
21
22
25
24
28
31
26
19
27
29
5
33
36
37
38
0
23
40
41
46
53
54
4
55
57
56
42
8
49
44
60
63
45
50
62
64
51
3
47
30
59
34
43
52
58
32
39
66
71
73
74
76
77
78
80
72
61
69
70
87
85
90
88
91
92
95
93
97
100
98
103
102
104
107
109
14
6
16
10
13
3
9
1
2
12
18
19
4
0
21
25
22
20
26
15
28
27
5
23
30
29
31
11
34
33
24
8
41
40
44
45
46
42
49
50
47
55
54
51
52
57
58
60
59
39
56
53
38
32
7
62
65
66
67
48
70
72
74
73
75
76
77
68
81
61
36
71
85
86
88
90
78
91
93
89
94
96
98
97
99
79
100
101
103
104
105
102
108
106
110
43
14
13
16
10
5
17
9
3
21
6
22
25
0
26
23
31
30
15
1
27
34
33
38
32
20
39
40
42
12
2
35
45
37
47
49
50
48
51
52
54
55
57
56
60
24
63
36
11
58
61
53
41
19
62
29
65
64
67
70
69
68
71
72
28
43
76
74
77
80
79
75
82
83
84
85
88
87
90
96
93
94
99
100
4
106
109
108
14
2
12
10
17
3
0
1
6
5
21
24
27
23
26
15
28
16
29
8
32
9
11
4
37
40
39
34
41
44
38
42
46
7
35
22
49
47
50
33
51
13
56
57
58
59
62
54
45
43
60
36
52
18
65
66
48
63
31
67
71
70
72
61
73
74
77
75
76
79
80
81
78
83
84
82
88
25
90
91
89
92
96
93
97
99
100
102
104
101
106
103
108
14
9
6
11
1
0
16
5
21
7
4
24
17
3
26
27
10
28
25
29
30
2
15
12
23
33
34
18
39
37
43
35
46
47
49
51
55
38
54
52
8
61
60
62
64
59
45
32
41
57
48
36
65
58
56
66
67
70
72
73
75
74
78
79
80
82
83
84
85
22
89
91
93
88
86
94
97
77
99
76
68
102
101
104
105
107
108
110
109
14
18
15
19
6
17
20
7
22
16
12
4
11
8
27
2
10
28
30
31
13
9
1
23
3
24
29
26
5
34
33
36
32
35
37
40
39
42
43
38
44
47
48
25
49
50
51
52
54
58
62
61
45
60
57
59
56
65
64
67
70
41
72
73
68
69
74
76
71
78
77
79
83
53
81
84
85
89
90
91
94
92
95
86
96
97
99
98
100
101
103
104
102
88
0
106
107
110
14
21
5
18
6
9
13
16
0
8
7
15
24
23
10
17
3
26
1
27
29
31
32
28
35
2
25
30
38
40
36
41
12
34
11
44
45
46
19
48
51
50
43
53
52
42
56
47
58
60
62
63
59
4
49
64
65
39
66
37
67
69
70
71
72
82
81
87
20
88
89
76
92
75
94
73
95
91
100
99
61
101
105
106
102
107
109
14
2
3
1
12
11
0
8
5
24
22
25
26
6
7
19
28
18
17
29
30
9
21
20
4
33
34
32
37
38
10
39
35
40
16
42
43
44
46
49
50
13
51
52
36
55
54
60
57
61
27
63
62
41
48
64
58
45
66
67
68
71
72
73
70
79
53
74
80
83
84
86
87
47
91
90
94
88
96
95
99
100
75
101
103
102
104
106
108
110
14
23
19
6
9
22
20
0
25
10
26
5
16
27
7
28
29
30
31
21
15
34
35
17
4
37
38
39
36
40
42
47
2
41
49
50
33
52
45
53
55
57
54
58
59
60
61
18
62
13
51
64
12
11
63
66
69
71
46
72
74
73
76
1
81
75
84
85
86
79
77
88
89
94
95
93
101
92
102
43
103
107
109
108
24
18
17
15
9
10
3
0
13
23
6
16
26
7
28
20
29
14
30
31
4
5
11
33
32
34
22
37
1
2
38
39
8
41
45
40
21
48
49
46
36
50
43
44
47
54
56
55
53
57
42
35
61
62
59
64
63
52
65
58
27
67
68
69
70
51
73
74
75
77
78
81
80
79
84
83
86
87
90
19
92
94
95
97
96
89
100
101
102
104
107
108
110
24
23
9
0
3
14
17
12
22
18
5
25
20
6
10
4
13
7
19
15
30
16
32
27
31
33
21
28
2
36
38
35
40
41
42
44
39
45
51
34
54
56
55
48
61
63
58
60
47
53
52
29
46
11
37
59
67
66
68
69
70
71
64
73
72
74
49
77
79
81
82
84
85
1
86
88
91
92
93
95
96
97
94
101
104
103
65
108
109
98
24
19
1
11
21
8
22
20
0
10
7
3
12
13
17
29
31
6
16
32
26
18
14
33
34
30
35
9
38
37
28
4
40
39
41
2
43
45
49
5
46
54
55
15
56
51
59
60
61
62
57
52
64
23
58
44
63
36
25
66
67
69
68
70
71
73
80
53
79
82
77
84
85
42
86
88
87
90
83
93
95
97
98
96
65
100
103
104
24
10
2
20
6
21
1
25
17
3
9
15
23
12
13
16
0
11
7
31
19
5
29
22
32
33
35
26
4
14
38
27
41
40
39
43
42
37
49
50
30
46
51
53
56
44
55
61
62
63
36
58
64
57
52
59
34
67
48
69
68
70
72
18
73
71
77
78
79
86
84
90
93
94
89
92
99
45
96
82
101
66
102
97
104
74
103
106
95
65
108
24
9
25
5
4
0
20
7
23
22
27
2
6
17
3
1
28
32
16
10
19
14
15
21
34
36
12
38
37
39
30
41
13
47
42
49
48
51
55
11
56
35
62
8
57
52
64
61
26
18
44
46
33
66
67
68
70
65
72
74
75
73
77
79
83
50
85
86
87
88
80
81
91
92
90
76
93
94
96
98
99
78
100
102
101
104
103
106
71
24
7
20
14
4
17
26
25
23
6
3
21
18
31
8
10
9
11
5
33
27
1
15
22
36
38
39
41
29
37
44
45
28
49
52
42
56
2
51
55
59
53
60
13
43
54
16
47
61
40
32
62
67
69
72
35
34
71
75
66
50
78
82
81
83
79
48
65
92
63
93
0
76
88
101
89
102
99
106
110
24
9
14
2
18
27
16
21
25
30
28
0
22
8
10
13
7
32
6
17
11
3
26
4
5
33
12
35
36
40
41
34
42
44
46
45
50
47
51
53
52
54
56
58
61
62
43
59
60
37
1
15
64
55
65
66
67
19
48
69
70
71
72
73
75
68
77
38
74
76
78
39
80
81
84
85
87
57
88
82
92
93
94
95
96
91
100
101
49
102
83
104
103
105
106
108
109
79
14
22
27
29
28
31
5
26
1
12
11
3
2
10
19
34
9
25
21
33
23
4
15
18
38
40
6
44
0
45
47
49
51
50
36
53
54
13
52
57
59
61
20
55
63
17
7
48
58
60
66
16
30
65
67
68
70
41
71
72
73
75
77
78
76
74
84
46
62
88
80
90
92
89
85
97
99
102
64
103
105
106
35
14
10
26
25
27
9
30
8
28
20
12
23
31
16
5
3
35
21
18
36
17
32
1
38
39
40
0
44
2
43
45
6
46
11
48
49
51
24
19
52
54
55
57
58
59
60
63
13
56
4
34
47
37
15
41
53
61
29
65
67
42
69
70
73
74
68
72
78
66
62
80
79
64
86
87
50
81
90
75
91
92
98
99
97
94
102
103
89
88
107
108
104
110
14
27
29
24
7
32
23
2
17
15
20
18
5
21
25
3
1
12
11
4
41
22
31
19
42
8
9
46
47
39
48
38
6
52
26
36
55
57
54
56
37
59
43
45
61
62
49
35
50
51
33
10
0
13
16
65
28
63
68
70
69
30
74
76
75
64
66
78
81
79
44
77
83
58
85
88
86
73
91
92
90
93
95
94
97
99
100
98
103
102
105
104
107
84
14
10
31
33
22
24
28
27
4
1
15
9
21
37
38
26
3
23
39
40
41
42
18
43
45
13
20
46
19
47
7
49
50
48
8
36
54
55
57
58
52
25
59
29
62
63
34
61
64
51
12
2
0
5
65
11
56
53
67
60
71
72
30
75
76
79
80
82
83
84
86
85
74
87
89
92
70
93
94
91
88
97
99
100
101
103
102
81
104
32
108
105
14
29
11
31
10
6
9
21
7
33
15
1
16
37
3
26
30
5
38
39
24
22
42
2
44
41
46
25
50
35
43
32
23
53
52
34
40
58
60
18
28
59
57
12
19
54
62
20
56
27
0
65
67
66
68
70
63
72
71
73
75
76
51
80
83
17
69
81
84
85
74
87
89
90
4
97
100
102
86
104
103
105
82
108
107
14
21
6
24
1
35
23
25
36
19
10
16
8
38
13
27
4
5
29
39
11
20
2
44
30
18
46
47
28
0
45
48
7
49
3
52
56
57
58
55
34
59
61
53
9
64
31
62
33
50
41
60
42
12
65
66
22
26
67
54
69
70
51
73
74
76
77
79
80
81
82
72
85
83
84
87
89
93
92
96
95
98
15
97
101
102
103
100
63
108
106
109
107
91
14
18
16
24
35
23
13
37
10
29
26
3
36
33
5
27
11
7
30
2
25
9
39
22
28
1
32
0
42
43
21
6
4
19
44
46
47
49
15
34
52
51
48
54
55
20
53
58
57
59
61
56
63
60
17
67
45
8
69
50
74
77
31
78
76
82
84
85
86
83
90
88
87
94
92
96
93
99
81
102
91
105
104
108
110
14
18
3
30
38
33
29
12
25
23
24
36
15
7
4
37
8
27
20
35
21
19
41
42
28
44
43
13
26
9
34
48
2
51
52
50
55
58
47
60
59
17
53
61
63
22
65
54
66
16
5
67
71
70
6
73
40
76
74
11
77
31
80
81
82
49
86
87
0
88
89
94
97
98
93
95
10
1
100
69
102
92
104
103
106
109
14
22
12
21
10
19
6
27
31
24
23
33
18
26
7
11
16
35
32
28
17
43
45
5
25
0
49
15
52
50
53
54
55
57
36
48
58
60
3
62
63
51
59
13
47
44
8
42
30
4
69
70
71
41
39
74
73
78
79
80
61
83
82
65
75
84
85
86
87
89
90
76
91
92
98
99
100
102
105
106
109
14
5
31
12
9
2
26
25
28
22
7
16
17
30
39
27
13
34
6
8
29
35
19
4
42
3
43
45
48
36
24
52
50
53
54
59
57
61
62
10
20
60
1
37
18
23
33
63
58
66
56
47
67
64
69
32
11
71
72
21
40
68
73
70
74
76
78
80
82
83
81
77
84
85
86
88
89
90
92
93
94
87
95
97
100
75
103
105
106
101
107
109
14
39
34
15
18
23
35
8
26
7
31
9
41
38
21
1
24
10
11
36
43
28
19
44
6
5
17
46
47
50
29
48
51
30
45
54
55
56
53
22
57
16
25
60
58
59
61
63
12
52
2
40
37
0
33
66
64
68
69
62
70
73
74
77
80
79
82
81
27
86
84
87
13
90
88
94
93
91
95
76
98
83
100
99
102
101
103
107
65
109
14
8
23
10
21
28
4
15
27
12
42
41
38
20
11
39
35
33
7
40
45
3
2
6
44
25
46
36
22
57
0
59
34
56
62
63
31
30
52
19
5
9
47
65
16
64
69
71
66
73
13
18
74
78
79
50
76
77
49
83
75
82
84
86
87
88
90
92
93
61
97
98
60
100
99
89
81
24
102
103
106
108
105
70
109
17
14
19
37
33
39
32
31
23
3
7
5
12
17
21
6
26
2
22
38
42
0
9
11
36
30
15
47
45
43
10
25
51
52
53
54
28
58
16
61
62
13
63
60
27
55
50
40
48
29
4
66
57
49
64
71
67
76
77
78
74
79
80
82
8
34
83
72
59
88
90
91
89
92
84
98
1
96
103
104
106
87
108
109
14
18
41
35
9
25
32
10
1
43
17
12
40
6
3
33
22
27
5
4
30
47
44
31
0
37
26
49
50
51
24
54
42
55
56
58
60
34
61
62
52
16
21
19
20
15
7
46
57
59
13
64
53
23
63
65
38
11
68
48
69
71
72
73
74
75
76
77
80
78
79
83
85
84
86
87
88
90
91
92
95
96
99
28
101
102
104
105
107
108
110
14
31
19
35
10
15
17
2
0
20
42
22
34
7
11
13
38
37
23
33
6
16
25
36
27
28
1
43
51
53
54
56
59
60
62
55
57
4
47
49
58
52
45
63
5
12
26
29
64
9
61
66
68
67
69
24
72
50
73
74
76
77
79
80
82
83
3
32
81
86
89
92
95
71
96
91
102
106
90
97
103
107
93
109
14
21
37
32
44
12
0
45
15
18
6
24
2
29
34
7
35
48
38
9
20
11
49
19
42
17
25
10
31
53
52
54
4
56
22
58
39
51
63
55
64
26
40
46
33
5
61
57
60
16
50
43
3
13
30
66
41
62
68
8
70
69
71
73
72
74
75
78
79
81
82
67
1
23
92
85
93
94
97
95
59
80
88
101
65
102
87
103
107
108
109
86
14
21
7
47
41
1
15
8
25
6
11
4
37
33
13
22
12
49
39
34
2
35
18
29
42
38
51
53
10
55
26
40
59
9
62
23
44
32
52
58
63
20
19
65
17
67
66
31
28
45
69
68
70
76
77
64
80
75
82
50
83
30
84
60
56
86
88
81
85
89
91
95
101
98
103
104
106
90
99
110
14
19
35
28
21
33
27
17
18
20
47
25
6
48
23
1
40
24
2
8
45
10
0
9
38
15
50
29
30
32
52
37
53
51
7
54
55
57
5
16
58
60
61
34
46
59
3
12
22
62
44
66
67
70
71
72
73
74
64
26
56
13
78
81
43
39
84
77
87
88
90
92
94
91
95
68
4
97
98
31
101
100
104
110
14
5
28
42
35
9
31
10
6
36
7
17
13
21
23
24
25
0
19
49
18
51
45
52
41
32
22
40
11
54
39
55
57
58
60
53
62
34
16
37
44
47
1
12
65
66
69
67
38
70
71
59
46
72
74
75
77
78
30
43
81
82
48
83
73
64
29
33
89
3
90
92
80
85
96
88
86
100
101
95
97
103
102
106
94
107
109
14
21
3
33
5
2
23
28
50
32
0
44
20
26
6
13
22
39
11
46
12
38
45
31
42
18
49
48
19
29
17
55
9
4
27
58
56
30
8
47
61
62
34
40
54
35
1
10
24
16
64
59
65
66
57
60
68
69
70
37
25
71
73
67
63
78
76
36
82
84
80
86
87
81
90
93
85
95
96
94
91
97
15
101
102
105
72
53
103
106
107
14
9
38
1
11
30
10
15
2
5
21
50
44
41
23
6
7
3
49
8
34
0
40
24
33
4
53
18
47
31
54
37
39
36
22
32
20
17
55
56
12
58
35
59
60
61
45
27
29
64
26
43
42
46
19
25
57
48
28
65
16
67
62
69
70
68
74
72
71
73
77
81
82
84
85
86
87
88
75
93
95
91
98
99
100
97
102
104
101
105
108
109
14
49
7
4
46
16
28
31
47
13
22
41
40
24
52
32
44
6
1
9
48
2
36
10
11
55
38
25
0
42
57
54
58
50
8
30
62
63
37
39
64
17
26
15
18
12
33
3
59
45
66
35
68
70
71
72
75
74
79
23
27
65
83
21
80
76
84
86
89
91
90
94
95
99
100
105
51
106
104
73
78
14
6
45
7
5
35
46
50
52
3
12
25
18
15
27
47
49
32
44
16
40
26
1
38
41
31
33
42
10
21
17
20
55
0
56
23
9
2
24
34
58
53
59
61
60
63
19
51
64
8
30
36
65
11
57
39
4
37
71
70
72
74
76
67
82
83
84
86
78
89
68
91
98
92
99
102
101
106
103
110
14
27
35
17
5
29
38
7
10
15
13
20
39
4
50
33
16
54
53
6
18
40
42
24
49
34
3
23
48
25
52
51
26
45
12
58
57
28
37
0
30
59
56
60
63
47
62
46
32
44
64
31
1
68
67
69
70
71
73
74
77
80
78
82
85
90
88
94
2
97
99
100
89
98
96
86
106
102
104
108
14
27
19
25
54
0
28
10
47
5
13
42
1
9
46
37
26
52
31
2
30
57
16
22
6
4
58
29
51
45
18
34
59
60
55
12
61
8
38
62
43
63
17
64
33
15
21
65
36
7
66
41
20
35
67
68
69
70
71
72
73
74
75
76
77
78
49
79
80
81
82
83
84
85
86
48
87
88
89
90
91
92
93
94
95
96
97
98
99
100
101
102
103
104
105
106
107
108
109
110
56
18
49
16
42
24
50
35
32
6
19
0
11
9
17
34
13
8
40
43
25
38
58
55
37
15
53
1
33
3
41
60
23
63
27
29
36
46
12
28
4
21
45
52
20
47
14
61
7
54
5
44
59
51
67
68
71
72
75
76
77
78
80
74
81
10
83
84
70
31
87
89
90
91
93
99
101
104
94
105
97
106
107
56
55
38
44
50
35
5
57
36
51
52
14
39
37
10
3
40
45
54
24
17
19
21
47
6
2
22
31
15
53
33
0
42
49
13
60
63
26
7
9
28
18
27
64
11
46
62
12
32
48
25
23
61
41
20
16
66
67
68
70
69
71
74
75
73
72
77
80
83
84
85
86
34
88
89
81
91
76
95
97
92
93
99
65
101
100
1
104
106
102
103
108
109
56
1
11
24
15
52
6
19
41
27
34
48
55
3
32
30
46
33
38
0
42
43
60
54
37
35
61
39
17
62
63
22
31
64
36
20
25
40
12
9
49
21
45
53
16
7
14
65
51
5
28
66
10
57
26
67
50
68
76
77
79
73
84
44
86
85
88
8
72
13
93
87
94
95
47
97
99
91
98
101
100
102
103
106
107
108
96
110
56
42
2
52
57
45
23
6
39
9
7
33
22
50
0
27
59
49
24
55
46
18
36
14
11
10
40
16
12
20
17
54
58
44
38
1
30
21
26
31
5
41
19
37
64
47
32
65
62
8
51
35
70
71
72
73
69
13
76
78
81
82
85
48
74
88
86
91
94
90
95
97
98
75
43
100
66
103
105
106
102
61
109
56
32
0
52
59
41
27
45
38
24
25
42
8
34
12
9
7
51
28
37
23
2
44
4
20
54
31
11
21
26
49
35
15
5
29
62
39
13
18
47
57
65
63
33
30
58
46
14
66
70
71
68
72
19
73
10
75
77
79
40
6
17
83
16
84
85
82
78
89
92
95
96
43
98
100
22
90
102
101
105
60
86
108
109
56
20
14
25
21
2
3
51
34
45
24
50
27
28
31
13
15
29
43
7
22
44
35
1
48
19
59
4
53
10
40
6
9
63
55
41
46
61
23
16
58
37
0
18
36
49
17
65
12
60
66
67
30
64
47
52
69
42
73
74
76
77
70
78
79
33
75
83
82
84
32
86
85
88
89
91
92
93
95
98
97
99
100
101
102
11
94
105
103
72
104
108
110
56
2
18
59
57
28
22
10
55
33
53
54
26
40
16
44
58
43
11
6
38
14
47
42
35
3
12
62
15
0
23
8
32
27
25
64
46
4
48
41
61
65
39
7
19
45
24
34
67
70
36
72
73
74
51
76
78
79
80
77
82
85
86
1
87
89
88
90
92
30
101
102
104
105
37
108
109
56
59
9
53
47
3
20
27
25
11
29
52
58
10
37
35
2
28
12
54
4
24
63
16
60
31
45
22
15
51
23
65
21
14
46
7
55
66
13
18
44
62
42
68
41
43
70
67
71
26
49
76
34
78
77
48
1
8
33
81
50
85
86
87
88
90
92
91
75
96
97
95
100
32
104
80
102
5
110
108
56
25
15
12
21
54
19
10
3
22
61
35
64
4
60
9
63
0
59
43
52
62
37
14
17
18
34
39
20
50
51
33
36
1
31
48
45
32
67
69
29
71
7
13
73
74
11
77
75
53
78
81
82
83
40
79
85
84
30
6
90
89
68
5
88
91
92
94
96
98
99
100
27
58
101
47
103
105
102
26
107
42
108
28
109
106
56
32
19
41
37
44
62
9
6
47
27
51
29
64
4
15
53
39
17
59
23
22
2
24
58
49
31
50
10
20
46
61
12
42
67
16
48
5
26
36
68
43
1
3
72
76
69
75
30
34
77
11
33
74
85
86
87
91
14
93
94
90
98
100
60
99
102
28
104
103
13
106
107
108
110
56
57
37
31
33
28
9
29
12
17
21
62
38
52
4
59
6
58
10
65
11
5
0
22
20
48
25
1
49
23
30
13
36
66
15
7
32
26
18
41
27
63
8
50
55
69
46
19
35
70
39
71
64
3
72
73
44
14
51
76
74
77
78
54
81
47
83
79
84
87
90
91
96
98
99
100
101
102
103
105
94
106
107
109
108
110
56
10
64
45
55
3
25
8
32
34
12
51
1
42
23
9
47
26
15
11
53
6
36
14
57
46
58
28
29
66
27
18
61
59
48
41
73
52
21
4
70
31
33
75
76
17
71
81
72
84
86
87
65
85
88
90
5
91
54
95
74
77
49
98
20
102
100
101
105
106
108
56
50
4
37
6
40
51
33
2
5
62
3
28
55
27
25
0
24
41
15
1
38
65
67
45
46
48
31
26
42
22
8
11
18
43
52
34
30
47
58
71
14
7
21
60
73
9
75
66
77
74
78
76
80
79
83
81
12
36
16
84
85
87
90
92
95
96
94
98
100
39
102
101
99
103
106
107
108
56
67
34
10
55
31
17
60
36
18
15
29
7
20
32
8
64
37
25
61
1
49
51
42
33
22
63
2
14
52
27
28
40
50
21
71
58
19
53
26
47
39
11
54
73
41
74
68
48
0
76
23
5
62
78
79
80
81
83
16
85
86
57
91
35
90
12
94
95
97
88
101
82
96
102
104
105
106
107
108
43
9
109
56
19
67
54
43
13
50
70
45
60
5
65
57
44
12
61
35
14
1
32
31
24
27
40
26
23
39
16
47
15
69
55
72
53
41
2
49
18
64
22
36
11
7
51
30
6
58
74
52
28
21
75
77
68
81
17
76
83
84
9
86
91
78
89
90
94
92
93
46
98
97
99
82
100
95
101
104
88
29
107
106
110
56
71
24
6
31
30
12
0
53
2
18
35
41
67
63
28
57
45
19
32
17
36
60
21
11
29
7
15
49
61
46
54
23
20
9
73
22
50
14
26
47
74
52
66
58
76
33
77
4
8
78
16
83
68
37
84
44
85
87
89
59
91
92
94
95
97
99
93
98
100
101
103
105
51
102
62
107
106
13
1
108
79
56
19
41
67
45
16
26
70
47
9
68
33
0
5
27
13
62
72
46
63
65
55
42
21
7
37
8
32
31
51
23
49
39
43
60
36
11
28
61
25
15
69
17
20
75
24
52
58
29
74
40
77
79
59
76
80
50
84
86
1
88
12
90
34
92
89
83
93
94
22
78
96
97
95
98
99
14
102
103
105
106
101
107
53
108
3
85
56
71
72
33
16
7
52
29
26
54
65
2
70
11
63
24
19
12
4
45
17
46
25
40
49
42
10
0
34
50
47
58
41
21
38
53
6
13
43
37
18
62
55
67
20
77
73
39
1
69
31
78
44
32
79
14
23
80
57
82
81
83
84
66
36
35
86
60
88
89
90
91
5
92
93
94
95
75
96
68
97
99
98
101
102
104
28
106
107
108
109
110
56
9
31
6
1
47
25
61
30
73
12
45
57
36
11
29
53
17
5
7
50
20
14
35
58
10
34
68
71
32
69
66
76
19
78
65
48
18
81
24
77
43
62
40
86
33
52
91
0
82
22
74
64
97
98
60
96
23
8
100
101
41
4
3
102
103
80
107
108
109
110
56
21
48
66
45
8
44
70
34
68
60
18
67
57
72
12
37
46
1
17
62
7
59
64
10
16
54
14
5
24
39
36
35
0
6
9
41
75
19
78
31
63
69
32
51
4
38
43
73
79
81
77
71
53
11
84
87
86
90
40
22
92
93
29
58
94
42
96
99
30
20
91
80
102
97
103
106
107
108
100
109
110
56
50
74
37
5
42
62
59
38
57
61
46
67
29
6
28
44
3
25
19
69
65
13
55
16
18
45
26
12
11
66
31
17
32
58
71
72
9
4
78
21
52
48
64
79
73
39
80
15
81
43
0
76
75
82
63
41
27
34
85
49
86
87
1
83
24
90
89
94
93
96
68
97
20
99
100
102
103
104
109
108
110
56
77
67
21
50
38
25
47
76
69
33
34
28
51
43
64
14
44
40
10
75
7
60
72
63
74
32
12
57
62
8
70
3
20
41
16
13
31
30
49
4
65
45
81
0
83
82
19
55
5
61
85
2
87
54
17
71
93
90
73
92
99
29
1
101
96
105
102
107
106
108
89
109
53
56
29
28
77
21
19
62
35
12
53
9
74
44
8
43
59
1
37
15
20
63
73
26
40
23
61
70
46
3
80
42
18
0
76
81
47
33
45
27
34
82
69
83
25
30
67
5
84
65
86
11
88
24
7
89
90
92
91
96
99
17
85
100
102
98
87
105
103
107
2
31
72
56
77
33
57
20
31
69
41
36
74
18
55
37
63
42
79
70
48
45
0
39
16
40
46
27
35
8
44
81
15
19
23
25
58
12
82
83
73
53
51
84
86
85
88
87
11
6
29
32
90
94
50
96
47
98
100
101
93
76
97
103
102
64
75
107
110
56
26
14
50
5
13
52
17
11
12
77
37
78
49
70
68
79
31
60
24
80
67
65
7
47
34
75
76
19
10
25
39
57
74
30
69
3
71
0
21
41
42
64
84
36
82
22
51
46
48
33
58
29
90
89
93
95
91
97
98
38
100
43
103
87
35
107
108
109
56
5
22
30
50
3
79
65
51
9
18
60
2
35
52
74
6
4
47
20
37
10
46
11
44
41
27
1
48
39
26
13
54
80
77
78
40
42
43
63
55
14
83
84
38
62
61
81
19
88
86
8
31
75
90
91
96
97
93
95
71
98
28
70
101
102
36
106
105
109
110
56
78
70
67
6
69
40
8
79
0
72
80
23
9
20
1
50
41
35
43
18
12
65
48
36
29
46
44
54
74
30
21
19
53
5
61
3
62
58
13
82
7
84
45
57
71
37
2
86
38
25
10
34
11
77
88
91
27
73
93
94
92
96
98
90
99
42
100
31
105
106
109
56
61
79
49
51
20
69
74
24
35
43
52
81
19
18
72
23
6
27
2
25
82
73
83
26
68
0
31
9
59
32
80
41
21
36
14
12
48
62
38
67
76
58
57
11
40
54
65
10
71
37
7
53
42
28
13
85
45
88
90
4
92
93
94
96
44
86
95
91
98
99
100
87
101
103
105
108
8
107
34
56
77
37
52
66
24
20
31
9
2
36
63
0
69
45
60
64
65
41
26
27
21
11
38
18
40
61
1
14
17
58
70
29
55
72
35
80
78
62
84
87
59
34
10
16
48
68
47
94
51
32
50
99
97
5
79
8
101
103
107
106
73
109
110
56
40
5
42
38
79
51
13
35
63
6
41
27
66
75
83
11
77
52
64
17
4
43
23
58
54
10
33
28
24
25
73
68
80
15
62
39
74
29
1
59
53
48
70
26
14
76
3
9
88
71
46
45
82
34
91
2
87
60
92
20
90
21
94
84
98
50
99
96
102
101
103
36
55
104
61
109
108
47
56
11
22
37
51
4
64
33
77
52
12
42
69
25
72
63
35
36
16
29
67
85
3
76
68
43
39
31
6
7
57
66
23
0
40
49
78
80
45
27
18
1
86
38
93
59
94
41
96
84
47
102
103
79
81
107
44
9
56
59
62
79
73
0
58
17
2
29
80
1
60
52
48
43
64
41
86
84
13
15
27
83
7
82
31
22
19
6
34
74
26
44
39
18
5
32
24
49
10
63
45
16
9
38
42
68
89
55
65
8
14
91
20
92
93
94
35
23
50
97
96
30
70
47
101
100
102
12
104
21
105
33
107
71
109
56
62
37
15
21
50
22
61
57
13
36
35
63
9
10
14
20
1
12
41
53
58
74
39
40
3
79
48
72
46
5
65
8
6
77
24
88
54
44
71
81
73
19
92
32
17
95
28
96
97
98
4
25
100
30
55
43
102
33
104
103
78
106
110
108
56
73
77
28
74
38
84
44
64
55
79
2
25
21
9
42
40
41
10
7
65
76
16
45
11
33
67
6
57
36
51
43
14
49
17
69
32
3
19
81
68
63
27
23
29
50
34
92
80
71
70
53
82
78
18
8
60
86
66
5
83
96
99
97
100
61
93
102
103
101
105
94
46
106
108
48
56
86
70
10
26
9
48
16
75
71
20
12
58
4
83
57
21
33
74
62
0
34
66
44
14
19
40
29
45
23
65
11
92
64
2
72
53
88
68
17
60
93
79
54
67
35
42
82
81
49
94
97
5
51
31
84
52
6
59
22
76
98
46
101
99
38
106
107
105
109
95
110
37
56
76
35
43
15
69
64
29
26
5
12
30
22
73
86
91
0
44
31
16
34
49
6
79
72
45
65
62
9
90
32
3
84
14
25
47
63
33
61
1
13
4
50
93
7
74
41
89
83
46
88
71
37
38
19
21
95
28
78
96
40
97
58
54
24
39
102
104
108
109
10
56
34
66
78
20
62
27
92
8
84
15
52
59
73
5
76
26
51
81
31
57
47
83
91
74
41
87
14
37
17
0
28
35
29
42
71
88
77
16
95
43
19
38
18
82
30
58
39
99
24
72
2
101
80
96
90
12
102
10
106
46
108
103
56
39
87
59
23
55
3
1
41
84
71
70
22
85
77
35
11
42
83
47
38
8
60
53
65
80
21
25
24
28
17
14
88
49
31
6
73
74
76
20
29
72
10
66
51
91
86
34
69
4
18
26
12
97
33
101
102
100
62
7
57
105
67
90
50
13
110
2
56
58
25
59
11
53
89
81
74
31
69
2
34
4
12
61
92
51
6
68
60
16
45
46
42
10
26
5
1
21
22
24
70
41
27
93
3
97
72
49
73
47
84
62
37
64
23
7
98
52
82
99
48
39
100
71
50
101
105
106
28
107
108
91
110
109
56
83
61
18
45
69
26
65
51
50
74
64
79
77
10
29
73
84
9
12
23
17
31
7
92
80
89
19
82
87
21
38
76
46
37
88
2
67
25
98
90
99
75
28
100
27
86
93
44
55
78
4
70
104
106
108
1
97
59
56
58
27
9
5
20
36
95
82
26
88
43
11
3
70
6
47
34
81
73
25
32
55
72
60
77
89
35
39
16
74
64
91
19
75
1
59
21
98
41
92
15
17
13
10
71
33
62
37
51
0
85
99
49
94
90
101
52
50
102
14
103
80
28
76
57
46
106
96
56
60
71
62
17
14
65
69
86
75
9
37
12
67
33
97
81
42
44
29
39
95
43
83
96
40
27
15
5
73
54
52
89
21
84
82
4
66
61
72
7
80
1
74
68
59
34
100
49
91
102
55
16
2
48
79
101
106
105
110
26
56
10
55
33
58
29
21
73
23
59
95
15
3
19
93
79
17
77
40
45
86
67
8
34
72
57
96
20
83
35
6
74
71
12
85
53
28
52
76
100
1
18
38
62
84
43
54
97
65
90
78
22
101
42
66
32
69
13
91
104
105
103
30
107
0
106
5
48
110
56
99
11
10
69
50
36
15
1
42
43
23
67
31
2
17
77
41
52
62
96
25
66
60
64
35
95
5
61
14
22
89
55
18
72
34
81
16
84
3
65
83
29
79
40
98
71
101
80
90
75
21
13
39
27
19
59
58
53
88
68
94
37
103
49
107
106
108
76
104
110
56
72
35
57
58
48
65
4
24
30
14
7
100
78
85
63
50
80
93
31
70
47
67
23
94
97
22
59
74
99
75
71
25
51
26
17
88
84
62
102
20
28
10
45
37
69
42
86
49
21
54
29
91
82
0
95
98
61
90
19
52
68
41
73
107
106
104
108
109
56
39
98
86
94
101
29
90
3
69
51
20
30
54
66
42
32
13
89
79
63
14
5
77
38
93
24
31
76
47
74
15
62
40
97
45
68
12
67
33
25
52
59
37
75
87
28
36
11
43
73
88
61
19
82
34
16
80
92
103
8
50
70
21
0
46
23
10
64
65
35
78
17
58
72
60
22
55
56
27
97
13
47
37
34
85
100
59
50
4
48
72
73
90
42
14
33
3
17
21
60
65
44
80
41
77
16
75
35
7
2
24
84
9
69
86
102
67
32
23
11
43
10
87
81
66
31
36
26
29
99
15
62
105
39
28
76
51
19
79
89
107
54
46
58
93
56
21
27
99
26
28
52
63
71
19
31
77
25
89
66
74
48
64
49
36
17
5
20
88
57
70
15
92
23
44
16
14
8
39
29
13
45
96
58
3
0
53
12
38
34
62
11
35
101
107
55
105
33
86
100
109
56
12
62
22
41
36
83
99
78
67
53
3
95
90
7
88
51
63
32
9
20
84
40
60
57
103
65
72
45
38
94
70
73
34
17
61
79
52
68
31
15
2
106
91
0
82
43
104
109
35
98
56
60
82
23
54
59
39
41
43
9
1
74
18
11
28
83
46
53
95
48
66
67
50
10
73
19
57
2
70
96
4
58
40
22
31
21
44
91
69
32
13
51
90
72
55
101
100
93
105
78
97
76
29
98
108
17
5
37
85
30
89
15
99
68
8
107
71
65
56
72
33
47
79
59
78
66
41
91
99
81
10
34
103
100
0
101
51
88
73
74
45
67
65
85
22
25
24
16
95
75
6
21
70
87
104
80
42
20
76
108
69
46
15
36
50
3
57
14
1
109
71
106
84
37
4
56
19
33
23
100
31
78
38
70
63
101
58
90
43
36
107
25
47
4
84
66
37
62
73
17
45
72
0
59
96
11
20
92
26
13
1
95
3
35
76
65
106
2
52
44
9
81
74
86
93
18
109
24
75
61
55
28
14
67
64
77
69
68
89
56
18
50
86
65
78
76
40
58
3
22
43
44
10
24
16
60
52
63
82
31
91
101
47
70
11
108
67
37
75
83
105
46
74
42
6
39
41
107
104
77
81
26
20
61
85
92
88
2
95
56
95
23
10
89
17
98
64
20
71
75
59
38
14
94
66
25
12
4
62
45
76
6
67
21
33
85
82
77
48
91
99
74
49
54
30
0
100
80
