19
21
33
48
63
72
84
98
110
124
140
156
165
179
190
204
216
228
239
246
2
1
3
4
5
6
7
9
10
13
8
14
15
0
2
3
10
12
6
11
13
5
16
17
14
0
1
3
4
5
7
8
9
10
12
6
13
15
16
17
0
2
1
7
5
8
9
10
4
12
13
14
15
6
17
0
2
6
3
12
9
15
11
8
0
2
7
3
9
8
11
6
15
10
1
18
0
4
7
8
9
5
2
14
1
10
3
11
17
12
0
6
3
5
8
2
9
10
12
11
14
16
7
6
3
2
9
10
5
11
12
13
0
14
15
4
8
3
7
2
0
5
10
6
12
13
14
4
15
16
17
18
8
7
2
9
0
3
12
13
15
14
1
5
16
6
17
18
8
5
7
12
16
1
6
4
15
8
7
10
3
9
2
11
4
15
1
14
16
6
17
8
10
0
9
2
3
16
1
17
18
14
8
7
0
9
3
15
10
16
6
12
17
18
13
1
8
3
9
14
2
5
4
10
12
16
11
0
14
13
10
7
9
2
15
11
12
17
1
18
14
6
16
10
13
3
9
1
2
12
18
14
13
16
10
5
17
9
