39
41
73
102
136
162
196
229
259
283
319
355
384
411
436
471
502
531
563
588
613
641
676
704
735
762
793
824
854
884
912
938
967
991
1015
1034
1049
1068
1085
1107
2
1
3
4
5
6
7
9
10
13
8
14
15
19
17
20
22
12
23
24
25
18
26
27
29
28
31
11
0
2
3
10
12
6
11
13
5
16
17
14
19
20
23
9
7
22
27
28
29
21
32
18
4
35
30
34
36
33
37
25
0
1
3
4
5
7
8
9
10
12
6
13
15
16
17
19
23
21
28
29
20
31
11
32
34
22
26
25
38
0
2
1
7
5
8
9
10
4
12
13
14
15
6
17
19
18
11
23
25
22
20
26
27
28
30
29
21
32
31
33
34
36
38
0
2
6
3
12
9
15
11
8
17
20
21
26
5
29
30
25
23
1
31
35
19
24
28
32
37
0
2
7
3
9
8
11
6
15
10
1
18
19
20
22
23
13
24
26
4
17
29
28
32
16
30
25
31
14
21
33
34
36
38
0
4
7
8
9
5
2
14
1
10
3
11
17
12
16
19
13
20
21
18
22
24
25
23
26
28
30
29
27
15
31
36
37
0
6
3
5
8
2
9
10
12
11
14
16
21
20
22
15
1
13
24
25
23
27
26
29
30
28
31
34
36
38
7
6
3
2
9
10
5
11
12
13
0
14
15
4
22
23
21
27
30
31
19
33
37
17
8
3
7
2
0
5
10
6
12
13
14
4
15
16
17
18
20
11
22
24
1
25
26
28
29
31
30
23
21
33
32
19
35
36
27
38
8
7
2
9
0
3
12
13
15
14
1
5
16
6
17
18
19
22
25
24
11
26
27
21
20
28
30
31
29
33
32
35
36
37
38
23
8
5
7
12
16
1
6
4
15
3
20
9
23
10
21
27
28
30
2
32
31
17
25
0
19
36
13
34
38
8
7
10
3
9
2
11
4
15
1
14
16
6
17
19
21
0
23
26
27
28
32
20
33
31
34
29
8
10
0
9
2
3
16
1
17
18
14
6
22
15
5
25
7
26
27
28
21
31
11
38
37
8
7
0
9
3
15
10
16
6
12
17
18
13
1
19
20
21
22
23
24
26
25
30
31
32
29
27
33
5
34
35
36
37
38
28
8
3
9
14
2
5
4
10
12
16
11
0
21
13
22
7
25
17
28
26
19
6
18
20
29
24
34
35
30
36
32
14
13
10
7
9
2
15
11
12
17
1
18
6
20
21
22
25
24
28
31
26
19
27
29
5
33
36
37
38
14
6
16
10
13
3
9
1
2
12
18
19
4
0
21
25
22
20
26
15
28
27
5
23
30
29
31
11
34
33
24
8
14
13
16
10
5
17
9
3
21
6
22
25
0
26
23
31
30
15
1
27
34
33
38
32
20
14
2
12
10
17
3
0
1
6
5
21
24
27
23
26
15
28
16
29
8
32
9
11
4
37
14
9
6
11
1
0
16
5
21
7
4
24
17
3
26
27
10
28
25
29
30
2
15
12
23
33
34
18
14
18
15
19
6
17
20
7
22
16
12
4
11
8
27
2
10
28
30
31
13
9
1
23
3
24
29
26
5
34
33
36
32
35
37
14
21
5
18
6
9
13
16
0
8
7
15
24
23
10
17
3
26
1
27
29
31
32
28
35
2
25
30
14
2
3
1
12
11
0
8
5
24
22
25
26
6
7
19
28
18
17
29
30
9
21
20
4
33
34
32
37
38
10
14
23
19
6
9
22
20
0
25
10
26
5
16
27
7
28
29
30
31
21
15
34
35
17
4
37
38
24
18
17
15
9
10
3
0
13
23
6
16
26
7
28
20
29
14
30
31
4
5
11
33
32
34
22
37
1
2
38
24
23
9
0
3
14
17
12
22
18
5
25
20
6
10
4
13
7
19
15
30
16
32
27
31
33
21
28
2
36
38
24
19
1
11
21
8
22
20
0
10
7
3
12
13
17
29
31
6
16
32
26
18
14
33
34
30
35
9
38
37
24
10
2
20
6
21
1
25
17
3
9
15
23
12
13
16
0
11
7
31
19
5
29
22
32
33
35
26
4
14
24
9
25
5
4
0
20
7
23
22
27
2
6
17
3
1
28
32
16
10
19
14
15
21
34
36
12
38
24
7
20
14
4
17
26
25
23
6
3
21
18
31
8
10
9
11
5
33
27
1
15
22
36
38
24
9
14
2
18
27
16
21
25
30
28
0
22
8
10
13
7
32
6
17
11
3
26
4
5
33
12
35
36
14
22
27
29
28
31
5
26
1
12
11
3
2
10
19
34
9
25
21
33
23
4
15
18
14
10
26
25
27
9
30
8
28
20
12
23
31
16
5
3
35
21
18
36
17
32
1
38
14
27
29
24
7
32
23
2
17
15
20
18
5
21
25
3
1
12
11
14
10
31
33
22
24
28
27
4
1
15
9
21
37
38
14
29
11
31
10
6
9
21
7
33
15
1
16
37
3
26
30
5
38
14
21
6
24
1
35
23
25
36
19
10
16
8
38
13
27
4
14
18
16
24
35
23
13
37
10
29
26
3
36
33
5
27
11
7
30
2
25
9
