18
20
30
44
58
71
84
98
113
128
141
155
167
176
186
191
196
199
200
1
2
5
6
3
10
4
8
7
9
0
2
3
4
5
8
9
6
7
13
1
0
3
4
5
6
10
9
11
13
7
12
8
14
1
4
2
0
5
8
7
6
9
11
10
12
16
13
1
3
2
5
6
7
8
9
0
11
10
12
15
0
1
4
6
8
2
3
7
10
9
11
13
15
0
7
5
4
9
3
2
1
11
12
8
10
13
14
6
4
3
5
1
9
8
11
10
13
0
12
14
2
15
5
1
3
4
7
10
0
6
13
11
9
12
16
2
15
6
1
4
3
7
5
2
0
10
14
11
8
13
0
5
7
8
2
6
4
11
9
12
3
13
17
14
6
7
4
3
2
12
5
10
8
9
15
16
6
11
4
7
10
13
3
2
8
7
8
2
6
12
5
3
9
10
1
9
7
6
10
2
4
7
5
11
8
3
8
11
10
