75
77
140
200
262
319
382
446
507
572
639
704
769
836
902
973
1037
1105
1174
1244
1315
1384
1456
1525
1596
1668
1738
1811
1883
1953
2025
2098
2169
2241
2312
2385
2457
2529
2600
2672
2744
2816
2888
2959
3030
3100
3172
3243
3314
3384
3453
3522
3591
3662
3732
3800
3867
3933
3996
4060
4120
4183
4239
4297
4349
4402
4456
4504
4552
4600
4640
4678
4704
4729
4748
4749
1
2
5
6
3
10
4
8
7
9
14
12
11
13
15
16
17
19
20
22
23
25
18
28
27
24
26
21
29
36
35
33
30
42
32
31
34
40
38
44
45
51
37
39
59
41
55
47
46
56
43
53
52
58
54
48
50
64
0
2
3
4
5
8
9
6
7
13
12
11
16
10
17
19
18
15
14
20
26
21
22
23
29
27
34
24
31
30
25
38
37
33
46
28
35
32
44
50
41
36
40
39
51
43
52
49
42
47
53
45
59
56
60
62
48
54
65
66
55
58
61
1
0
3
4
5
6
10
9
11
13
7
12
8
14
19
16
18
20
15
17
30
24
22
23
28
26
21
31
25
27
34
29
33
36
39
32
40
35
37
38
46
54
49
48
41
47
53
43
45
50
42
44
56
55
60
51
52
57
64
58
1
4
2
0
5
8
7
6
9
11
10
12
16
13
14
15
18
17
25
20
24
21
19
27
28
29
22
31
30
23
26
34
32
33
39
36
35
40
49
38
47
41
42
37
53
46
45
48
52
44
54
43
56
51
60
65
50
61
55
62
58
63
1
3
2
5
6
7
8
9
0
11
10
12
15
13
14
17
16
22
18
21
23
19
24
20
27
28
26
33
25
35
31
30
29
34
39
38
36
37
40
32
46
42
44
47
41
56
48
43
50
45
49
54
51
52
59
53
55
0
1
4
6
8
2
3
7
10
9
11
13
15
17
12
14
20
16
19
18
23
21
25
26
22
28
31
24
30
35
33
29
32
27
40
38
37
39
48
44
47
36
41
34
53
45
46
58
42
55
49
43
54
52
59
56
50
51
61
60
62
57
69
0
7
5
4
9
3
2
1
11
12
8
10
13
14
17
16
18
19
21
20
22
15
25
23
29
30
24
26
28
31
35
27
36
32
43
45
34
41
44
33
37
40
49
48
42
52
47
38
39
50
53
55
51
54
46
59
60
58
56
62
61
57
66
65
6
4
3
5
1
9
8
11
10
13
0
12
14
2
15
18
17
16
19
20
21
24
22
23
27
26
25
32
28
34
29
33
30
37
35
31
36
40
42
44
45
39
38
46
48
43
41
47
49
52
51
55
62
54
50
58
63
66
59
53
57
5
1
3
4
7
10
0
6
13
11
9
12
16
2
15
18
14
17
19
20
23
22
24
25
27
28
21
29
31
26
30
32
33
36
37
39
38
35
42
41
43
45
34
40
44
51
48
52
46
56
49
57
58
55
47
60
50
53
61
62
63
64
68
71
67
6
1
4
3
7
5
2
0
10
14
11
8
13
12
17
15
19
16
20
21
22
24
23
18
25
26
28
29
33
27
35
34
30
31
36
39
37
40
32
44
43
41
38
45
46
48
47
42
50
56
55
54
49
51
52
57
59
53
64
58
62
69
60
61
70
63
67
0
5
7
8
2
6
4
11
9
12
3
13
17
14
15
18
16
1
19
23
22
21
25
20
26
28
29
27
24
32
31
34
33
35
30
37
36
38
44
40
43
47
41
46
42
45
51
39
53
55
54
49
57
48
50
60
63
68
64
59
56
66
65
52
67
6
7
4
3
2
12
5
10
8
9
15
16
14
1
17
0
18
20
13
22
19
21
24
25
26
23
28
29
31
27
30
34
32
33
35
38
39
37
41
36
40
43
46
44
47
45
42
49
50
53
48
52
54
58
55
62
56
51
64
57
59
66
65
63
60
6
11
4
7
10
13
3
2
8
15
1
0
9
14
5
18
16
17
20
23
19
22
21
25
26
28
29
27
30
31
24
32
34
33
35
36
39
37
38
40
43
41
42
44
46
45
50
47
49
51
48
53
52
54
55
57
56
58
62
64
61
59
65
68
67
60
73
7
8
2
6
12
5
3
9
10
1
15
16
18
4
0
14
11
19
21
22
17
20
24
25
23
27
29
26
28
31
30
32
34
35
33
36
39
37
38
42
41
40
44
46
47
45
49
43
54
51
53
50
52
55
56
57
61
48
59
62
60
67
66
69
72
58
9
7
6
10
2
0
3
12
11
4
8
5
13
16
15
20
18
1
22
17
21
19
24
23
26
28
27
25
29
30
32
31
33
34
36
35
37
41
38
40
42
39
45
46
47
43
48
50
51
53
52
55
44
56
60
54
58
59
49
62
68
65
63
67
64
61
66
70
57
69
71
4
7
5
11
8
13
12
10
3
9
17
18
0
21
19
16
14
1
2
6
24
22
20
23
26
25
28
30
27
29
33
31
34
36
32
35
37
39
38
41
40
45
44
42
47
48
49
43
50
46
51
52
53
54
56
58
57
55
60
62
59
67
66
68
3
8
11
13
6
2
7
14
12
9
10
0
1
15
5
20
4
17
19
23
22
18
24
21
26
25
30
29
31
27
32
28
33
35
37
36
34
38
39
41
42
45
40
47
43
50
51
46
44
48
55
49
57
52
56
53
54
62
59
58
64
67
61
60
63
68
70
69
10
7
6
9
5
11
15
8
19
18
1
20
4
12
23
16
13
0
3
22
14
24
2
26
25
27
29
21
28
30
31
32
33
36
35
34
38
39
37
40
42
41
44
45
46
48
47
49
50
51
43
53
52
54
56
57
60
63
55
64
65
59
66
58
70
61
69
62
67
7
13
6
8
12
10
15
11
17
3
2
14
1
4
5
16
9
21
20
24
19
26
23
27
22
28
29
0
31
30
25
32
34
33
35
36
40
38
37
41
42
43
45
39
44
46
48
51
49
47
50
52
53
54
55
56
58
57
62
60
59
61
65
63
67
64
68
66
69
72
2
7
9
17
6
8
15
1
13
11
10
5
16
12
22
14
20
0
21
18
4
25
23
26
27
3
28
24
29
33
30
32
31
35
36
37
38
34
39
40
41
43
42
44
47
45
46
48
49
50
52
54
56
55
53
58
57
51
59
60
62
64
63
61
69
67
65
66
70
72
68
5
7
11
17
9
8
16
14
12
2
6
13
23
19
24
3
15
21
27
18
10
0
1
26
25
22
28
29
4
31
30
32
33
34
36
37
35
38
39
40
43
41
44
42
47
45
46
49
48
51
53
50
55
54
56
52
57
59
58
60
61
63
62
66
65
64
70
68
67
15
6
13
9
11
7
10
12
14
5
26
18
20
4
16
19
23
24
3
1
22
29
17
27
25
8
30
32
2
33
31
28
34
0
36
35
37
38
40
39
41
43
44
45
47
46
48
42
51
50
49
53
54
52
55
56
59
58
57
62
63
64
61
66
68
60
65
69
70
71
67
72
11
4
13
9
6
16
10
17
14
12
19
7
8
23
15
0
18
25
26
27
20
1
21
5
28
2
3
24
30
31
32
35
29
33
37
34
39
36
38
41
40
42
44
45
46
47
43
48
50
52
49
51
54
55
56
58
53
57
59
61
62
60
63
64
70
69
68
66
74
17
12
16
10
8
5
20
9
7
22
15
11
14
13
4
21
18
19
27
0
6
25
1
24
2
28
26
31
30
3
33
32
29
35
36
38
37
34
40
39
41
42
43
44
45
47
46
48
51
49
50
52
53
55
56
58
59
57
54
61
60
63
64
62
65
67
66
70
73
68
71
7
11
13
9
8
20
15
17
16
14
18
21
3
26
19
4
2
23
25
22
10
12
5
6
27
30
29
28
35
33
0
1
31
32
34
38
37
36
40
39
41
42
43
44
46
45
47
50
49
48
51
52
55
53
57
56
54
58
59
65
61
66
62
63
67
64
68
69
60
72
71
73
3
12
10
6
13
5
11
8
9
16
15
19
17
20
22
23
14
28
7
21
0
24
30
18
26
31
32
4
2
34
29
35
1
33
27
37
39
38
40
41
36
43
44
42
45
47
48
49
50
52
51
46
53
54
55
56
57
59
58
62
60
63
64
61
66
69
70
67
65
68
21
11
16
17
18
14
20
15
9
19
1
10
12
5
22
13
7
24
30
23
8
2
25
27
6
4
3
33
36
28
29
0
34
32
37
39
38
31
35
40
43
41
45
42
44
47
48
46
51
49
52
53
50
54
55
56
58
57
59
60
61
64
62
63
65
68
66
69
72
70
71
67
73
20
28
7
13
8
18
23
14
19
22
17
3
12
21
10
15
16
11
32
24
4
1
26
9
0
34
30
2
29
6
36
31
37
25
5
38
39
40
35
41
42
33
44
45
46
43
49
50
47
48
52
53
54
55
51
56
57
58
60
59
61
63
62
64
65
67
66
69
70
68
71
72
27
11
14
12
15
18
25
10
8
19
31
9
5
20
22
3
17
13
23
2
30
16
4
7
24
21
6
0
34
26
32
33
35
36
39
29
37
41
38
40
44
43
45
1
42
47
46
50
51
49
52
53
54
55
57
48
58
59
61
56
62
60
63
64
65
66
67
68
70
72
13
12
11
10
6
17
18
21
16
3
20
14
9
8
15
19
1
24
23
26
25
7
31
0
22
27
34
36
37
30
5
38
4
28
2
35
33
32
41
39
44
40
45
42
46
47
48
51
43
49
50
53
52
54
55
56
57
58
59
61
60
62
63
64
66
67
70
69
71
65
68
73
2
16
15
26
17
21
12
18
13
25
14
23
6
19
3
20
28
11
24
22
8
5
33
34
27
9
1
7
31
29
32
10
4
39
35
0
37
41
43
38
42
36
44
40
47
45
46
48
51
50
52
49
53
54
56
55
57
58
60
61
59
63
64
62
65
67
66
68
70
71
69
73
72
28
13
5
12
18
16
23
3
8
11
20
17
19
15
14
22
10
21
25
6
1
24
34
2
29
4
9
30
27
35
33
7
32
39
26
36
38
41
42
40
37
0
45
43
47
44
46
49
48
50
52
54
53
55
56
57
51
59
60
58
61
62
64
65
66
63
67
68
69
70
73
7
18
19
27
21
16
13
20
14
10
12
17
8
23
22
25
24
28
11
15
35
26
30
34
33
36
5
31
6
29
3
40
38
0
37
39
9
42
4
45
1
2
43
44
49
41
46
50
51
48
47
54
53
52
56
58
55
57
59
62
61
63
60
64
65
66
67
69
70
72
71
73
19
15
9
14
16
21
23
20
26
17
4
24
10
8
30
18
28
12
11
7
22
13
5
25
32
31
38
0
34
39
29
36
40
2
3
1
41
35
27
42
37
43
45
46
47
44
6
50
51
49
53
55
56
52
57
54
48
58
59
61
62
60
63
64
66
67
68
65
69
70
72
1
11
10
18
12
13
20
28
27
31
24
7
21
9
25
15
30
26
14
16
29
3
32
22
17
2
37
4
23
19
33
36
39
35
43
38
6
40
0
44
46
41
8
49
47
50
45
5
42
51
54
53
48
55
52
57
58
56
61
59
63
60
65
66
64
67
68
62
69
70
71
72
73
24
19
13
9
12
10
22
11
16
23
4
6
25
28
15
18
32
5
14
17
21
20
31
7
39
38
0
29
30
26
42
36
37
8
34
27
40
33
3
47
41
1
45
48
43
2
50
46
49
53
52
44
51
54
55
56
57
58
59
62
61
63
65
60
64
67
69
66
68
72
73
70
26
17
19
23
16
15
21
20
8
9
14
29
27
18
6
12
32
13
40
24
28
22
0
7
34
33
4
31
35
42
25
38
10
11
2
39
30
37
44
3
45
43
46
1
5
49
47
48
41
52
53
51
50
56
54
55
57
58
59
60
63
62
66
64
61
67
65
69
68
70
71
73
16
22
19
29
23
20
8
15
26
34
12
27
7
21
25
24
11
10
14
17
28
13
9
30
18
1
35
4
32
42
31
39
43
41
5
36
38
44
33
46
40
45
48
47
3
2
6
51
50
49
0
52
56
58
55
54
60
59
53
57
61
63
64
65
62
67
69
70
66
73
68
23
24
29
20
12
11
21
26
17
35
19
33
22
1
16
15
27
18
8
25
28
4
5
14
31
13
32
39
36
42
10
34
30
37
40
41
9
45
3
7
0
49
43
47
51
2
44
52
46
53
50
48
56
54
6
55
59
58
60
61
57
63
62
67
66
68
65
64
69
71
70
72
12
15
13
26
25
22
4
11
35
28
17
8
30
31
16
19
23
9
33
20
27
24
34
21
38
29
32
14
37
36
3
18
2
5
42
7
44
47
46
40
45
1
48
50
52
43
51
49
53
41
10
0
55
56
6
58
54
57
61
59
62
60
63
65
66
68
67
70
71
69
72
73
36
23
18
21
17
19
24
5
25
20
33
14
32
7
9
27
28
22
12
35
31
26
11
4
15
10
34
45
30
13
16
38
29
3
37
2
0
48
39
8
1
42
47
44
41
50
46
6
49
51
43
53
56
54
52
57
58
61
62
63
60
59
65
64
67
55
66
68
69
70
71
73
28
19
14
23
11
16
30
15
22
24
25
18
31
29
21
17
27
20
33
12
8
26
13
37
6
35
43
9
38
46
10
34
1
32
3
5
40
44
48
36
47
39
4
45
53
7
51
49
54
42
55
52
2
0
58
57
56
50
59
61
62
64
63
66
67
65
60
68
70
71
72
73
0
17
35
23
36
31
16
18
14
37
38
8
22
27
32
12
19
24
7
13
30
33
26
25
20
28
29
15
39
4
43
3
49
11
48
40
10
34
21
50
47
46
52
45
51
9
44
6
55
56
41
5
1
54
58
57
59
63
53
61
2
62
60
66
68
65
67
70
71
72
64
20
34
12
18
30
23
6
25
26
19
21
24
28
37
11
10
8
33
9
31
41
36
32
22
14
35
42
27
16
38
15
48
29
45
17
39
44
13
40
46
54
51
49
7
4
1
50
47
52
5
58
57
59
3
56
2
55
60
62
0
63
53
65
61
64
68
69
70
72
71
66
28
21
9
22
10
24
17
12
29
30
20
25
23
27
36
7
26
37
13
15
18
6
19
34
1
31
11
39
33
4
5
32
48
0
46
50
40
52
8
41
47
38
45
35
16
43
42
54
51
14
3
56
49
57
53
58
59
55
62
63
2
61
64
65
60
66
67
69
68
71
6
21
18
17
14
16
26
15
31
28
40
27
22
36
23
32
33
29
25
7
24
30
9
38
35
19
20
8
37
12
11
39
34
13
47
10
43
51
0
44
42
41
46
48
5
3
52
49
4
50
56
54
53
55
57
61
59
58
62
2
60
64
1
63
66
67
68
65
69
70
73
72
1
24
18
4
13
12
22
23
34
36
17
14
11
37
30
41
29
31
9
27
33
28
26
20
21
19
39
32
44
10
40
35
15
42
49
52
7
2
38
16
25
3
43
45
5
8
56
48
59
58
51
54
0
57
60
61
6
62
47
50
55
66
64
65
53
63
68
71
72
69
70
35
23
22
28
16
30
21
19
31
20
14
10
29
26
25
33
39
15
13
5
11
3
34
36
24
17
37
27
12
40
38
45
18
44
42
4
41
48
32
9
53
51
43
7
49
54
6
57
2
0
1
8
59
56
58
52
62
46
61
60
55
64
66
63
65
68
50
71
67
69
70
18
22
35
30
26
5
15
23
29
25
40
14
44
31
17
21
37
36
19
42
20
27
39
43
24
9
41
32
47
11
12
7
8
16
4
6
45
34
51
38
3
28
50
33
53
2
46
60
10
62
59
13
55
49
56
57
54
52
61
64
0
65
68
58
63
1
69
66
70
73
3
34
31
32
20
38
42
27
36
25
24
15
19
17
23
18
29
26
12
11
28
46
22
35
37
21
33
40
30
39
13
2
51
6
43
41
50
7
47
16
57
45
5
1
8
54
44
10
4
9
52
61
58
53
56
48
63
14
55
59
62
68
60
67
64
65
71
69
72
1
24
28
34
31
27
14
12
30
35
22
44
40
17
16
33
15
25
23
32
39
37
42
20
19
21
11
18
29
38
26
54
9
36
43
49
4
48
13
6
45
41
53
58
51
10
60
7
2
46
5
55
61
64
52
59
65
8
3
56
57
0
68
69
62
47
70
71
67
30
29
16
23
18
34
20
21
8
28
37
15
32
26
17
33
10
45
38
25
24
39
0
14
12
22
40
42
35
13
49
44
43
1
36
41
47
48
27
56
31
6
46
7
61
19
9
3
50
53
4
11
55
52
5
59
62
57
58
64
2
63
60
69
68
54
67
72
70
44
15
25
42
22
24
46
36
23
39
27
26
30
38
35
17
28
31
18
29
11
14
19
37
8
21
32
20
45
1
6
43
33
3
34
12
16
41
40
7
13
5
49
59
55
47
9
48
51
0
63
4
54
61
58
53
50
56
65
60
66
57
2
64
62
68
67
69
10
70
73
20
33
21
35
17
39
27
11
26
3
29
23
25
38
28
15
47
18
31
10
32
12
5
30
14
36
41
13
34
24
40
19
48
6
22
2
54
16
45
50
1
55
62
44
49
51
37
0
42
43
57
52
59
7
8
60
9
63
65
46
64
4
68
66
61
69
58
72
70
73
2
13
34
32
31
27
20
25
21
50
26
29
44
43
30
18
22
28
19
35
17
15
41
10
33
47
36
40
5
38
11
12
3
9
42
24
49
53
46
37
39
45
16
4
14
23
55
6
7
64
62
48
57
56
61
52
66
60
0
58
63
68
51
1
65
71
67
72
20
39
24
14
10
27
31
23
28
35
18
33
19
29
26
21
34
16
42
22
5
30
36
41
9
25
38
37
32
0
12
6
13
11
15
43
8
45
7
59
53
54
52
48
49
56
17
51
50
47
46
44
2
60
40
61
64
62
58
57
68
3
67
4
1
65
66
4
19
20
33
40
38
39
36
17
8
42
9
31
30
23
22
29
26
46
14
37
15
27
35
21
18
25
51
32
24
41
44
34
16
45
13
3
43
0
12
47
28
11
49
62
55
48
5
59
64
54
58
61
52
2
60
67
63
6
50
1
68
65
10
70
57
28
17
49
33
24
34
16
20
31
36
35
27
30
47
40
25
29
41
18
60
26
15
22
8
43
32
21
39
10
23
12
13
19
45
46
44
42
38
37
9
48
54
11
53
51
7
67
5
64
50
68
63
52
2
65
61
55
14
72
58
56
59
6
5
28
18
34
33
43
37
19
26
15
23
27
36
41
32
22
35
21
8
39
46
29
24
11
38
42
30
25
40
31
45
49
20
50
14
12
47
16
7
44
56
52
6
51
0
9
54
64
60
17
55
48
65
59
63
3
66
53
67
1
57
2
68
13
0
46
28
38
20
21
43
23
26
22
31
25
29
36
24
33
47
27
35
60
30
55
45
5
41
52
39
19
32
48
42
37
16
18
34
6
14
44
13
56
51
40
7
11
15
53
50
12
49
1
9
17
4
63
67
10
58
69
61
57
57
36
27
48
38
31
8
30
14
59
43
17
26
15
46
37
18
29
20
39
50
45
25
22
23
33
19
34
6
47
32
28
40
3
10
5
35
44
13
53
54
55
62
52
56
2
42
16
68
61
51
41
58
49
9
21
1
12
65
71
66
24
11
29
34
27
45
38
22
51
30
39
49
33
41
28
23
46
40
13
35
20
32
31
26
18
37
47
50
48
21
42
5
12
54
52
44
24
56
36
8
16
14
55
19
60
3
43
25
57
63
9
62
53
17
6
59
1
65
16
18
45
41
29
43
7
48
35
53
22
40
39
33
21
11
47
25
56
28
32
36
54
46
12
27
19
31
26
23
30
51
44
15
13
38
42
20
14
37
24
60
5
9
8
49
34
55
6
64
52
1
3
50
67
61
17
65
36
25
20
34
49
17
32
38
7
27
42
40
23
37
21
29
35
30
18
43
33
28
52
44
10
26
45
39
22
41
24
19
14
56
53
31
16
47
57
59
51
54
8
11
71
61
48
46
69
58
9
3
54
45
12
25
41
17
21
19
30
11
56
23
26
27
37
31
50
32
28
40
29
22
44
33
16
36
51
47
46
48
20
34
9
35
18
14
57
24
58
55
53
38
43
10
8
52
62
2
49
65
69
0
42
18
3
40
34
24
30
17
35
37
32
43
27
31
28
50
23
20
12
44
52
14
39
46
26
41
53
66
47
68
57
11
36
38
48
33
19
56
42
45
21
67
60
58
64
10
25
1
29
54
49
55
61
62
6
7
54
20
24
36
33
34
31
32
30
46
21
41
28
45
29
44
47
39
11
40
42
27
14
52
65
38
26
13
17
19
25
35
18
23
15
10
53
1
60
58
22
48
37
43
55
6
70
30
57
41
16
15
38
18
56
14
27
24
33
29
45
40
13
37
35
28
32
36
34
31
12
44
23
59
19
39
42
65
25
51
52
62
49
55
47
58
50
54
26
10
21
8
20
9
17
14
45
12
57
26
18
40
60
33
34
24
28
10
31
54
65
42
30
38
47
39
48
56
51
21
50
16
36
49
41
55
43
52
53
44
22
27
8
46
20
25
29
35
15
23
58
19
37
5
31
19
35
27
51
50
44
36
33
9
34
25
13
22
26
24
37
21
18
43
29
52
40
45
32
63
38
64
48
49
30
39
53
47
46
59
16
17
14
22
33
14
29
25
27
28
36
39
42
41
23
17
34
21
9
30
16
32
40
56
20
37
50
43
38
47
26
19
46
53
48
51
45
31
52
35
66
63
42
60
29
46
36
39
44
47
34
30
54
49
38
27
50
40
21
41
26
24
43
32
8
14
23
13
42
26
33
53
46
39
34
27
18
57
19
28
24
35
41
30
51
32
49
43
54
21
45
38
30
37
35
39
23
24
29
31
36
32
45
48
52
34
26
12
41
40
53
22
