30
32
54
74
97
119
143
167
193
218
244
269
296
322
350
378
405
431
456
481
507
533
553
574
596
609
626
643
653
658
659
1
2
5
6
3
10
4
8
7
9
14
12
11
13
15
16
17
19
20
22
23
0
2
3
4
5
8
9
6
7
13
12
11
16
10
17
19
18
15
14
20
26
21
1
0
3
4
5
6
10
9
11
13
7
12
8
14
19
16
18
20
15
17
1
4
2
0
5
8
7
6
9
11
10
12
16
13
14
15
18
17
25
20
24
21
19
1
3
2
5
6
7
8
9
0
11
10
12
15
13
14
17
16
22
18
21
23
19
0
1
4
6
8
2
3
7
10
9
11
13
15
17
12
14
20
16
19
18
23
21
25
26
0
7
5
4
9
3
2
1
11
12
8
10
13
14
17
16
18
19
21
20
22
15
25
23
6
4
3
5
1
9
8
11
10
13
0
12
14
2
15
18
17
16
19
20
21
24
22
23
27
26
5
1
3
4
7
10
0
6
13
11
9
12
16
2
15
18
14
17
19
20
23
22
24
25
27
6
1
4
3
7
5
2
0
10
14
11
8
13
12
17
15
19
16
20
21
22
24
23
18
25
26
0
5
7
8
2
6
4
11
9
12
3
13
17
14
15
18
16
1
19
23
22
21
25
20
26
6
7
4
3
2
12
5
10
8
9
15
16
14
1
17
0
18
20
13
22
19
21
24
25
26
23
28
6
11
4
7
10
13
3
2
8
15
1
0
9
14
5
18
16
17
20
23
19
22
21
25
26
28
7
8
2
6
12
5
3
9
10
1
15
16
18
4
0
14
11
19
21
22
17
20
24
25
23
27
29
26
9
7
6
10
2
0
3
12
11
4
8
5
13
16
15
20
18
1
22
17
21
19
24
23
26
28
27
25
4
7
5
11
8
13
12
10
3
9
17
18
0
21
19
16
14
1
2
6
24
22
20
23
26
25
28
3
8
11
13
6
2
7
14
12
9
10
0
1
15
5
20
4
17
19
23
22
18
24
21
26
25
10
7
6
9
5
11
15
8
19
18
1
20
4
12
23
16
13
0
3
22
14
24
2
26
25
7
13
6
8
12
10
15
11
17
3
2
14
1
4
5
16
9
21
20
24
19
26
23
27
22
2
7
9
17
6
8
15
1
13
11
10
5
16
12
22
14
20
0
21
18
4
25
23
26
27
3
5
7
11
17
9
8
16
14
12
2
6
13
23
19
24
3
15
21
27
18
10
0
1
26
25
22
15
6
13
9
11
7
10
12
14
5
26
18
20
4
16
19
23
24
3
1
11
4
13
9
6
16
10
17
14
12
19
7
8
23
15
0
18
25
26
27
20
17
12
16
10
8
5
20
9
7
22
15
11
14
13
4
21
18
19
27
0
6
25
7
11
13
9
8
20
15
17
16
14
18
21
3
3
12
10
6
13
5
11
8
9
16
15
19
17
20
22
23
14
21
11
16
17
18
14
20
15
9
19
1
10
12
5
22
13
7
20
28
7
13
8
18
23
14
19
22
27
11
14
12
15
13
