97
99
176
253
331
408
486
570
654
734
817
902
986
1076
1161
1250
1336
1426
1515
1605
1695
1784
1875
1966
2056
2148
2238
2331
2421
2514
2608
2700
2795
2888
2980
3073
3167
3259
3352
3446
3540
3633
3726
3819
3914
4006
4101
4195
4288
4382
4475
4568
4661
4756
4850
4944
5037
5131
5225
5318
5411
5504
5598
5693
5787
5879
5971
6060
6151
6241
6329
6419
6508
6596
6684
6774
6860
6943
7023
7102
7183
7262
7335
7413
7486
7553
7617
7680
7742
7808
7866
7930
7979
8027
8073
8108
8134
8135
1
2
5
6
3
10
4
8
7
9
14
12
11
13
15
16
17
19
20
22
23
25
18
28
27
24
26
21
29
36
35
33
30
42
32
31
34
40
38
44
45
51
37
39
59
41
55
47
46
56
43
53
52
58
54
48
50
64
62
49
60
70
71
65
57
67
74
61
66
72
76
69
86
63
84
73
79
75
0
2
3
4
5
8
9
6
7
13
12
11
16
10
17
19
18
15
14
20
26
21
22
23
29
27
34
24
31
30
25
38
37
33
46
28
35
32
44
50
41
36
40
39
51
43
52
49
42
47
53
45
59
56
60
62
48
54
65
66
55
58
61
76
57
63
64
69
73
68
72
74
81
83
82
79
67
1
0
3
4
5
6
10
9
11
13
7
12
8
14
19
16
18
20
15
17
30
24
22
23
28
26
21
31
25
27
34
29
33
36
39
32
40
35
37
38
46
54
49
48
41
47
53
43
45
50
42
44
56
55
60
51
52
57
64
58
61
65
59
76
63
67
71
66
68
79
62
72
69
82
73
74
75
1
4
2
0
5
8
7
6
9
11
10
12
16
13
14
15
18
17
25
20
24
21
19
27
28
29
22
31
30
23
26
34
32
33
39
36
35
40
49
38
47
41
42
37
53
46
45
48
52
44
54
43
56
51
60
65
50
61
55
62
58
63
64
57
59
67
69
66
78
73
82
79
72
68
71
80
70
83
1
3
2
5
6
7
8
9
0
11
10
12
15
13
14
17
16
22
18
21
23
19
24
20
27
28
26
33
25
35
31
30
29
34
39
38
36
37
40
32
46
42
44
47
41
56
48
43
50
45
49
54
51
52
59
53
55
63
68
57
58
66
70
60
65
75
61
69
64
76
73
72
62
67
79
71
74
0
1
4
6
8
2
3
7
10
9
11
13
15
17
12
14
20
16
19
18
23
21
25
26
22
28
31
24
30
35
33
29
32
27
40
38
37
39
48
44
47
36
41
34
53
45
46
58
42
55
49
43
54
52
59
56
50
51
61
60
62
57
69
63
71
70
72
67
75
65
64
66
68
73
77
80
88
78
0
7
5
4
9
3
2
1
11
12
8
10
13
14
17
16
18
19
21
20
22
15
25
23
29
30
24
26
28
31
35
27
36
32
43
45
34
41
44
33
37
40
49
48
42
52
47
38
39
50
53
55
51
54
46
59
60
58
56
62
61
57
66
65
69
71
67
74
78
63
64
80
68
75
76
86
79
72
70
82
73
77
88
83
6
4
3
5
1
9
8
11
10
13
0
12
14
2
15
18
17
16
19
20
21
24
22
23
27
26
25
32
28
34
29
33
30
37
35
31
36
40
42
44
45
39
38
46
48
43
41
47
49
52
51
55
62
54
50
58
63
66
59
53
57
64
67
65
56
79
69
60
71
61
70
74
73
68
80
86
85
75
87
77
78
72
76
90
5
1
3
4
7
10
0
6
13
11
9
12
16
2
15
18
14
17
19
20
23
22
24
25
27
28
21
29
31
26
30
32
33
36
37
39
38
35
42
41
43
45
34
40
44
51
48
52
46
56
49
57
58
55
47
60
50
53
61
62
63
64
68
71
67
54
66
75
65
73
59
79
69
74
86
77
72
70
82
76
6
1
4
3
7
5
2
0
10
14
11
8
13
12
17
15
19
16
20
21
22
24
23
18
25
26
28
29
33
27
35
34
30
31
36
39
37
40
32
44
43
41
38
45
46
48
47
42
50
56
55
54
49
51
52
57
59
53
64
58
62
69
60
61
70
63
67
71
73
66
65
72
68
82
76
75
79
77
81
92
74
90
78
0
5
7
8
2
6
4
11
9
12
3
13
17
14
15
18
16
1
19
23
22
21
25
20
26
28
29
27
24
32
31
34
33
35
30
37
36
38
44
40
43
47
41
46
42
45
51
39
53
55
54
49
57
48
50
60
63
68
64
59
56
66
65
52
67
58
69
76
62
78
61
70
81
82
79
73
71
80
75
85
74
83
89
87
77
6
7
4
3
2
12
5
10
8
9
15
16
14
1
17
0
18
20
13
22
19
21
24
25
26
23
28
29
31
27
30
34
32
33
35
38
39
37
41
36
40
43
46
44
47
45
42
49
50
53
48
52
54
58
55
62
56
51
64
57
59
66
65
63
60
67
71
74
61
76
69
85
84
72
77
78
80
73
81
75
86
68
89
90
6
11
4
7
10
13
3
2
8
15
1
0
9
14
5
18
16
17
20
23
19
22
21
25
26
28
29
27
30
31
24
32
34
33
35
36
39
37
38
40
43
41
42
44
46
45
50
47
49
51
48
53
52
54
55
57
56
58
62
64
61
59
65
68
67
60
73
70
78
66
71
74
72
75
82
80
77
76
69
86
84
89
88
63
81
90
93
83
79
95
7
8
2
6
12
5
3
9
10
1
15
16
18
4
0
14
11
19
21
22
17
20
24
25
23
27
29
26
28
31
30
32
34
35
33
36
39
37
38
42
41
40
44
46
47
45
49
43
54
51
53
50
52
55
56
57
61
48
59
62
60
67
66
69
72
58
71
76
74
65
83
81
77
64
68
73
78
75
63
88
82
80
90
79
70
9
7
6
10
2
0
3
12
11
4
8
5
13
16
15
20
18
1
22
17
21
19
24
23
26
28
27
25
29
30
32
31
33
34
36
35
37
41
38
40
42
39
45
46
47
43
48
50
51
53
52
55
44
56
60
54
58
59
49
62
68
65
63
67
64
61
66
70
57
69
71
73
76
72
80
81
74
84
82
87
86
78
85
75
77
89
88
83
93
4
7
5
11
8
13
12
10
3
9
17
18
0
21
19
16
14
1
2
6
24
22
20
23
26
25
28
30
27
29
33
31
34
36
32
35
37
39
38
41
40
45
44
42
47
48
49
43
50
46
51
52
53
54
56
58
57
55
60
62
59
67
66
68
72
75
76
65
63
69
74
64
78
73
79
71
80
82
61
87
83
70
85
86
93
90
3
8
11
13
6
2
7
14
12
9
10
0
1
15
5
20
4
17
19
23
22
18
24
21
26
25
30
29
31
27
32
28
33
35
37
36
34
38
39
41
42
45
40
47
43
50
51
46
44
48
55
49
57
52
56
53
54
62
59
58
64
67
61
60
63
68
70
69
65
72
73
71
77
80
79
66
74
78
75
82
76
84
83
85
81
86
89
93
88
87
10
7
6
9
5
11
15
8
19
18
1
20
4
12
23
16
13
0
3
22
14
24
2
26
25
27
29
21
28
30
31
32
33
36
35
34
38
39
37
40
42
41
44
45
46
48
47
49
50
51
43
53
52
54
56
57
60
63
55
64
65
59
66
58
70
61
69
62
67
72
71
76
68
78
82
75
73
81
83
79
74
86
85
77
90
87
80
92
93
7
13
6
8
12
10
15
11
17
3
2
14
1
4
5
16
9
21
20
24
19
26
23
27
22
28
29
0
31
30
25
32
34
33
35
36
40
38
37
41
42
43
45
39
44
46
48
51
49
47
50
52
53
54
55
56
58
57
62
60
59
61
65
63
67
64
68
66
69
72
74
73
70
71
76
75
81
78
82
77
79
86
84
90
87
89
93
91
92
88
2
7
9
17
6
8
15
1
13
11
10
5
16
12
22
14
20
0
21
18
4
25
23
26
27
3
28
24
29
33
30
32
31
35
36
37
38
34
39
40
41
43
42
44
47
45
46
48
49
50
52
54
56
55
53
58
57
51
59
60
62
64
63
61
69
67
65
66
70
72
68
71
77
79
73
74
82
83
78
86
75
80
89
76
81
90
85
93
88
87
5
7
11
17
9
8
16
14
12
2
6
13
23
19
24
3
15
21
27
18
10
0
1
26
25
22
28
29
4
31
30
32
33
34
36
37
35
38
39
40
43
41
44
42
47
45
46
49
48
51
53
50
55
54
56
52
57
59
58
60
61
63
62
66
65
64
70
68
67
69
71
77
75
73
81
80
79
84
78
72
74
83
90
85
82
88
76
93
87
15
6
13
9
11
7
10
12
14
5
26
18
20
4
16
19
23
24
3
1
22
29
17
27
25
8
30
32
2
33
31
28
34
0
36
35
37
38
40
39
41
43
44
45
47
46
48
42
51
50
49
53
54
52
55
56
59
58
57
62
63
64
61
66
68
60
65
69
70
71
67
72
73
74
77
75
76
80
82
84
79
85
81
87
78
90
88
83
86
92
94
11
4
13
9
6
16
10
17
14
12
19
7
8
23
15
0
18
25
26
27
20
1
21
5
28
2
3
24
30
31
32
35
29
33
37
34
39
36
38
41
40
42
44
45
46
47
43
48
50
52
49
51
54
55
56
58
53
57
59
61
62
60
63
64
70
69
68
66
74
71
72
73
67
75
78
65
76
80
82
81
84
77
85
79
88
91
86
87
92
95
90
17
12
16
10
8
5
20
9
7
22
15
11
14
13
4
21
18
19
27
0
6
25
1
24
2
28
26
31
30
3
33
32
29
35
36
38
37
34
40
39
41
42
43
44
45
47
46
48
51
49
50
52
53
55
56
58
59
57
54
61
60
63
64
62
65
67
66
70
73
68
71
74
69
75
78
76
77
72
80
79
81
83
82
84
86
89
87
93
90
94
7
11
13
9
8
20
15
17
16
14
18
21
3
26
19
4
2
23
25
22
10
12
5
6
27
30
29
28
35
33
0
1
31
32
34
38
37
36
40
39
41
42
43
44
46
45
47
50
49
48
51
52
55
53
57
56
54
58
59
65
61
66
62
63
67
64
68
69
60
72
71
73
70
74
77
75
76
79
78
81
80
83
85
84
87
82
88
89
91
90
94
86
3
12
10
6
13
5
11
8
9
16
15
19
17
20
22
23
14
28
7
21
0
24
30
18
26
31
32
4
2
34
29
35
1
33
27
37
39
38
40
41
36
43
44
42
45
47
48
49
50
52
51
46
53
54
55
56
57
59
58
62
60
63
64
61
66
69
70
67
65
68
74
72
71
76
73
75
77
79
78
81
82
83
84
80
85
87
89
90
88
95
21
11
16
17
18
14
20
15
9
19
1
10
12
5
22
13
7
24
30
23
8
2
25
27
6
4
3
33
36
28
29
0
34
32
37
39
38
31
35
40
43
41
45
42
44
47
48
46
51
49
52
53
50
54
55
56
58
57
59
60
61
64
62
63
65
68
66
69
72
70
71
67
73
75
74
76
78
79
81
80
82
83
77
85
88
86
87
84
89
91
90
92
93
20
28
7
13
8
18
23
14
19
22
17
3
12
21
10
15
16
11
32
24
4
1
26
9
0
34
30
2
29
6
36
31
37
25
5
38
39
40
35
41
42
33
44
45
46
43
49
50
47
48
52
53
54
55
51
56
57
58
60
59
61
63
62
64
65
67
66
69
70
68
71
72
74
75
78
77
76
73
80
79
83
81
82
84
85
86
87
89
91
94
27
11
14
12
15
18
25
10
8
19
31
9
5
20
22
3
17
13
23
2
30
16
4
7
24
21
6
0
34
26
32
33
35
36
39
29
37
41
38
40
44
43
45
1
42
47
46
50
51
49
52
53
54
55
57
48
58
59
61
56
62
60
63
64
65
66
67
68
70
72
74
75
73
71
76
69
78
79
81
83
85
80
82
84
87
86
77
89
90
92
88
91
95
13
12
11
10
6
17
18
21
16
3
20
14
9
8
15
19
1
24
23
26
25
7
31
0
22
27
34
36
37
30
5
38
4
28
2
35
33
32
41
39
44
40
45
42
46
47
48
51
43
49
50
53
52
54
55
56
57
58
59
61
60
62
63
64
66
67
70
69
71
65
68
73
72
74
76
77
79
80
78
75
84
83
82
86
85
88
89
81
87
90
91
92
94
93
2
16
15
26
17
21
12
18
13
25
14
23
6
19
3
20
28
11
24
22
8
5
33
34
27
9
1
7
31
29
32
10
4
39
35
0
37
41
43
38
42
36
44
40
47
45
46
48
51
50
52
49
53
54
56
55
57
58
60
61
59
63
64
62
65
67
66
68
70
71
69
73
72
74
75
78
79
84
77
80
76
83
82
81
85
91
86
90
92
93
95
94
28
13
5
12
18
16
23
3
8
11
20
17
19
15
14
22
10
21
25
6
1
24
34
2
29
4
9
30
27
35
33
7
32
39
26
36
38
41
42
40
37
0
45
43
47
44
46
49
48
50
52
54
53
55
56
57
51
59
60
58
61
62
64
65
66
63
67
68
69
70
73
72
74
77
71
75
76
78
79
81
80
84
85
83
86
82
89
87
88
90
91
92
93
94
95
7
18
19
27
21
16
13
20
14
10
12
17
8
23
22
25
24
28
11
15
35
26
30
34
33
36
5
31
6
29
3
40
38
0
37
39
9
42
4
45
1
2
43
44
49
41
46
50
51
48
47
54
53
52
56
58
55
57
59
62
61
63
60
64
65
66
67
69
70
72
71
73
74
75
68
76
77
78
79
80
81
82
83
84
85
88
89
87
86
92
94
90
95
19
15
9
14
16
21
23
20
26
17
4
24
10
8
30
18
28
12
11
7
22
13
5
25
32
31
38
0
34
39
29
36
40
2
3
1
41
35
27
42
37
43
45
46
47
44
6
50
51
49
53
55
56
52
57
54
48
58
59
61
62
60
63
64
66
67
68
65
69
70
72
71
74
75
73
76
77
79
80
78
82
81
83
85
86
87
88
84
89
91
93
94
1
11
10
18
12
13
20
28
27
31
24
7
21
9
25
15
30
26
14
16
29
3
32
22
17
2
37
4
23
19
33
36
39
35
43
38
6
40
0
44
46
41
8
49
47
50
45
5
42
51
54
53
48
55
52
57
58
56
61
59
63
60
65
66
64
67
68
62
69
70
71
72
73
74
75
76
77
78
80
82
81
79
83
84
85
86
87
88
89
90
91
92
94
24
19
13
9
12
10
22
11
16
23
4
6
25
28
15
18
32
5
14
17
21
20
31
7
39
38
0
29
30
26
42
36
37
8
34
27
40
33
3
47
41
1
45
48
43
2
50
46
49
53
52
44
51
54
55
56
57
58
59
62
61
63
65
60
64
67
69
66
68
72
73
70
74
71
75
76
77
78
79
82
80
83
81
85
84
86
92
87
90
88
89
93
91
94
26
17
19
23
16
15
21
20
8
9
14
29
27
18
6
12
32
13
40
24
28
22
0
7
34
33
4
31
35
42
25
38
10
11
2
39
30
37
44
3
45
43
46
1
5
49
47
48
41
52
53
51
50
56
54
55
57
58
59
60
63
62
66
64
61
67
65
69
68
70
71
73
74
72
75
76
77
80
79
78
81
84
83
82
85
87
86
88
89
90
92
93
16
22
19
29
23
20
8
15
26
34
12
27
7
21
25
24
11
10
14
17
28
13
9
30
18
1
35
4
32
42
31
39
43
41
5
36
38
44
33
46
40
45
48
47
3
2
6
51
50
49
0
52
56
58
55
54
60
59
53
57
61
63
64
65
62
67
69
70
66
73
68
75
72
76
77
74
78
80
81
71
79
82
84
83
86
87
88
85
90
89
92
91
94
23
24
29
20
12
11
21
26
17
35
19
33
22
1
16
15
27
18
8
25
28
4
5
14
31
13
32
39
36
42
10
34
30
37
40
41
9
45
3
7
0
49
43
47
51
2
44
52
46
53
50
48
56
54
6
55
59
58
60
61
57
63
62
67
66
68
65
64
69
71
70
72
74
75
73
76
77
79
78
80
82
81
83
84
85
87
88
90
86
91
94
92
95
89
12
15
13
26
25
22
4
11
35
28
17
8
30
31
16
19
23
9
33
20
27
24
34
21
38
29
32
14
37
36
3
18
2
5
42
7
44
47
46
40
45
1
48
50
52
43
51
49
53
41
10
0
55
56
6
58
54
57
61
59
62
60
63
65
66
68
67
70
71
69
72
73
64
75
77
76
78
79
74
80
81
82
83
84
85
87
88
86
90
91
92
93
89
95
36
23
18
21
17
19
24
5
25
20
33
14
32
7
9
27
28
22
12
35
31
26
11
4
15
10
34
45
30
13
16
38
29
3
37
2
0
48
39
8
1
42
47
44
41
50
46
6
49
51
43
53
56
54
52
57
58
61
62
63
60
59
65
64
67
55
66
68
69
70
71
73
72
76
74
75
77
79
78
80
81
84
82
83
85
88
86
87
89
91
90
92
94
28
19
14
23
11
16
30
15
22
24
25
18
31
29
21
17
27
20
33
12
8
26
13
37
6
35
43
9
38
46
10
34
1
32
3
5
40
44
48
36
47
39
4
45
53
7
51
49
54
42
55
52
2
0
58
57
56
50
59
61
62
64
63
66
67
65
60
68
70
71
72
73
74
69
77
76
78
80
75
81
82
85
83
84
79
88
86
87
89
90
91
92
93
0
17
35
23
36
31
16
18
14
37
38
8
22
27
32
12
19
24
7
13
30
33
26
25
20
28
29
15
39
4
43
3
49
11
48
40
10
34
21
50
47
46
52
45
51
9
44
6
55
56
41
5
1
54
58
57
59
63
53
61
2
62
60
66
68
65
67
70
71
72
64
75
74
73
77
69
78
76
79
80
81
82
83
85
86
84
90
88
87
91
93
92
89
20
34
12
18
30
23
6
25
26
19
21
24
28
37
11
10
8
33
9
31
41
36
32
22
14
35
42
27
16
38
15
48
29
45
17
39
44
13
40
46
54
51
49
7
4
1
50
47
52
5
58
57
59
3
56
2
55
60
62
0
63
53
65
61
64
68
69
70
72
71
66
73
74
67
75
77
78
79
81
80
76
83
84
82
86
85
88
87
89
91
90
92
94
93
95
28
21
9
22
10
24
17
12
29
30
20
25
23
27
36
7
26
37
13
15
18
6
19
34
1
31
11
39
33
4
5
32
48
0
46
50
40
52
8
41
47
38
45
35
16
43
42
54
51
14
3
56
49
57
53
58
59
55
62
63
2
61
64
65
60
66
67
69
68
71
73
74
70
72
75
76
77
79
80
81
78
82
83
86
85
84
88
87
92
89
91
94
6
21
18
17
14
16
26
15
31
28
40
27
22
36
23
32
33
29
25
7
24
30
9
38
35
19
20
8
37
12
11
39
34
13
47
10
43
51
0
44
42
41
46
48
5
3
52
49
4
50
56
54
53
55
57
61
59
58
62
2
60
64
1
63
66
67
68
65
69
70
73
72
71
75
78
74
77
76
79
80
83
81
82
84
85
87
86
88
89
90
92
91
93
95
94
1
24
18
4
13
12
22
23
34
36
17
14
11
37
30
41
29
31
9
27
33
28
26
20
21
19
39
32
44
10
40
35
15
42
49
52
7
2
38
16
25
3
43
45
5
8
56
48
59
58
51
54
0
57
60
61
6
62
47
50
55
66
64
65
53
63
68
71
72
69
70
74
67
75
76
73
77
78
80
81
79
82
84
83
85
87
86
88
90
89
91
93
95
92
35
23
22
28
16
30
21
19
31
20
14
10
29
26
25
33
39
15
13
5
11
3
34
36
24
17
37
27
12
40
38
45
18
44
42
4
41
48
32
9
53
51
43
7
49
54
6
57
2
0
1
8
59
56
58
52
62
46
61
60
55
64
66
63
65
68
50
71
67
69
70
72
74
73
76
78
75
79
77
80
82
84
83
81
85
88
89
87
90
91
92
86
94
18
22
35
30
26
5
15
23
29
25
40
14
44
31
17
21
37
36
19
42
20
27
39
43
24
9
41
32
47
11
12
7
8
16
4
6
45
34
51
38
3
28
50
33
53
2
46
60
10
62
59
13
55
49
56
57
54
52
61
64
0
65
68
58
63
1
69
66
70
73
74
75
71
72
76
67
77
80
82
81
84
79
86
85
83
87
78
89
88
91
90
92
93
95
3
34
31
32
20
38
42
27
36
25
24
15
19
17
23
18
29
26
12
11
28
46
22
35
37
21
33
40
30
39
13
2
51
6
43
41
50
7
47
16
57
45
5
1
8
54
44
10
4
9
52
61
58
53
56
48
63
14
55
59
62
68
60
67
64
65
71
69
72
74
75
0
66
70
73
76
78
77
80
79
81
83
84
86
85
82
87
89
90
92
91
88
95
1
24
28
34
31
27
14
12
30
35
22
44
40
17
16
33
15
25
23
32
39
37
42
20
19
21
11
18
29
38
26
54
9
36
43
49
4
48
13
6
45
41
53
58
51
10
60
7
2
46
5
55
61
64
52
59
65
8
3
56
57
0
68
69
62
47
70
71
67
72
63
73
74
75
77
66
76
79
78
80
83
81
82
86
85
87
84
89
90
92
91
88
93
30
29
16
23
18
34
20
21
8
28
37
15
32
26
17
33
10
45
38
25
24
39
0
14
12
22
40
42
35
13
49
44
43
1
36
41
47
48
27
56
31
6
46
7
61
19
9
3
50
53
4
11
55
52
5
59
62
57
58
64
2
63
60
69
68
54
67
72
70
71
66
74
73
75
77
76
78
65
79
81
83
80
84
82
86
87
85
90
89
92
93
91
94
44
15
25
42
22
24
46
36
23
39
27
26
30
38
35
17
28
31
18
29
11
14
19
37
8
21
32
20
45
1
6
43
33
3
34
12
16
41
40
7
13
5
49
59
55
47
9
48
51
0
63
4
54
61
58
53
50
56
65
60
66
57
2
64
62
68
67
69
10
70
73
71
74
75
72
77
76
79
80
78
83
82
84
81
85
86
87
89
90
91
88
92
93
94
95
20
33
21
35
17
39
27
11
26
3
29
23
25
38
28
15
47
18
31
10
32
12
5
30
14
36
41
13
34
24
40
19
48
6
22
2
54
16
45
50
1
55
62
44
49
51
37
0
42
43
57
52
59
7
8
60
9
63
65
46
64
4
68
66
61
69
58
72
70
73
56
67
76
78
74
71
75
77
80
82
83
85
79
84
86
81
89
88
90
91
87
93
92
94
2
13
34
32
31
27
20
25
21
50
26
29
44
43
30
18
22
28
19
35
17
15
41
10
33
47
36
40
5
38
11
12
3
9
42
24
49
53
46
37
39
45
16
4
14
23
55
6
7
64
62
48
57
56
61
52
66
60
0
58
63
68
51
1
65
71
67
72
69
8
70
77
59
78
73
76
81
74
75
83
79
85
82
86
88
87
80
89
84
92
91
90
94
93
20
39
24
14
10
27
31
23
28
35
18
33
19
29
26
21
34
16
42
22
5
30
36
41
9
25
38
37
32
0
12
6
13
11
15
43
8
45
7
59
53
54
52
48
49
56
17
51
50
47
46
44
2
60
40
61
64
62
58
57
68
3
67
4
1
65
66
74
72
69
73
63
76
71
75
81
77
82
78
83
70
79
80
85
84
88
86
87
89
90
91
92
94
4
19
20
33
40
38
39
36
17
8
42
9
31
30
23
22
29
26
46
14
37
15
27
35
21
18
25
51
32
24
41
44
34
16
45
13
3
43
0
12
47
28
11
49
62
55
48
5
59
64
54
58
61
52
2
60
67
63
6
50
1
68
65
10
70
57
53
74
66
75
7
77
69
76
78
72
73
81
79
82
71
80
85
83
84
87
86
88
91
89
90
93
94
95
28
17
49
33
24
34
16
20
31
36
35
27
30
47
40
25
29
41
18
60
26
15
22
8
43
32
21
39
10
23
12
13
19
45
46
44
42
38
37
9
48
54
11
53
51
7
67
5
64
50
68
63
52
2
65
61
55
14
72
58
56
59
6
69
66
73
70
71
3
62
74
1
4
75
78
79
80
76
0
82
83
85
84
87
77
81
88
90
91
89
92
94
93
95
5
28
18
34
33
43
37
19
26
15
23
27
36
41
32
22
35
21
8
39
46
29
24
11
38
42
30
25
40
31
45
49
20
50
14
12
47
16
7
44
56
52
6
51
0
9
54
64
60
17
55
48
65
59
63
3
66
53
67
1
57
2
68
13
10
69
74
62
61
76
4
70
73
71
79
78
77
82
75
72
84
81
83
80
85
87
89
90
86
88
91
94
93
0
46
28
38
20
21
43
23
26
22
31
25
29
36
24
33
47
27
35
60
30
55
45
5
41
52
39
19
32
48
42
37
16
18
34
6
14
44
13
56
51
40
7
11
15
53
50
12
49
1
9
17
4
63
67
10
58
69
61
57
74
72
70
68
65
62
77
54
73
2
3
76
79
80
71
66
81
78
64
8
82
75
83
84
85
87
86
88
92
90
93
94
91
57
36
27
48
38
31
8
30
14
59
43
17
26
15
46
37
18
29
20
39
50
45
25
22
23
33
19
34
6
47
32
28
40
3
10
5
35
44
13
53
54
55
62
52
56
2
42
16
68
61
51
41
58
49
9
21
1
12
65
71
66
24
11
67
72
0
74
77
4
78
76
81
80
69
7
70
63
64
75
73
79
85
83
82
87
86
88
84
89
94
93
91
90
29
34
27
45
38
22
51
30
39
49
33
41
28
23
46
40
13
35
20
32
31
26
18
37
47
50
48
21
42
5
12
54
52
44
24
56
36
8
16
14
55
19
60
3
43
25
57
63
9
62
53
17
6
59
1
65
2
73
70
66
69
58
64
11
77
68
78
4
67
72
71
10
76
7
74
82
0
75
81
15
80
86
84
87
83
85
79
88
89
91
90
92
94
93
16
18
45
41
29
43
7
48
35
53
22
40
39
33
21
11
47
25
56
28
32
36
54
46
12
27
19
31
26
23
30
51
44
15
13
38
42
20
14
37
24
60
5
9
8
49
34
55
6
64
52
1
3
50
67
61
17
65
66
68
73
58
57
69
0
70
59
10
78
79
72
77
63
82
76
81
74
86
4
85
75
71
80
2
87
89
88
84
83
92
91
94
90
95
93
36
25
20
34
49
17
32
38
7
27
42
40
23
37
21
29
35
30
18
43
33
28
52
44
10
26
45
39
22
41
24
19
14
56
53
31
16
47
57
59
51
54
8
11
71
61
48
46
69
58
9
3
73
50
70
64
55
5
4
65
67
15
66
68
1
72
77
6
2
76
60
75
74
62
79
78
80
81
84
82
85
86
13
87
12
0
89
92
90
91
93
83
88
95
54
45
12
25
41
17
21
19
30
11
56
23
26
27
37
31
50
32
28
40
29
22
44
33
16
36
51
47
46
48
20
34
9
35
18
14
57
24
58
55
53
38
43
10
8
52
62
2
49
65
69
0
42
39
3
72
63
7
61
67
66
68
73
15
74
70
71
1
75
6
76
60
59
5
81
4
82
79
78
13
88
85
83
86
89
87
80
84
91
92
94
95
18
3
40
34
24
30
17
35
37
32
43
27
31
28
50
23
20
12
44
52
14
39
46
26
41
53
66
47
68
57
11
36
38
48
33
19
56
42
45
21
67
60
58
64
10
25
1
29
54
49
55
61
62
6
70
16
59
63
15
7
2
74
4
0
8
51
22
71
9
72
5
13
81
69
85
82
73
87
76
80
84
89
90
88
83
75
91
92
79
78
77
95
7
54
20
24
36
33
34
31
32
30
46
21
41
28
45
29
44
47
39
11
40
42
27
14
52
65
38
26
13
17
19
25
35
18
23
15
10
53
1
60
58
22
48
37
43
55
6
70
62
57
51
56
68
61
74
49
64
50
9
63
79
4
12
69
71
8
73
67
59
81
16
77
72
75
5
2
3
78
84
82
0
76
83
80
88
90
86
89
93
30
57
41
16
15
38
18
56
14
27
24
33
29
45
40
13
37
35
28
32
36
34
31
12
44
23
59
19
39
42
65
25
51
52
62
49
55
47
58
50
54
26
10
21
8
20
9
17
53
60
11
46
43
64
7
22
63
6
48
5
75
3
73
71
61
68
66
77
2
69
81
0
79
80
78
76
70
72
87
89
74
84
88
4
90
92
86
93
83
1
95
14
45
12
57
26
18
40
60
33
34
24
28
10
31
54
65
42
30
38
47
39
48
56
51
21
50
16
36
49
41
55
43
52
53
44
22
27
8
46
20
25
29
35
15
23
58
19
37
62
66
59
32
4
64
72
63
61
17
76
67
73
69
6
74
9
82
5
13
71
7
80
1
75
85
83
78
2
70
86
84
89
79
3
91
11
90
92
87
88
94
5
31
19
35
27
51
50
44
36
33
9
34
25
13
22
26
24
37
21
18
43
29
52
40
45
32
63
38
64
48
49
30
39
53
47
46
59
16
17
14
6
57
58
54
23
20
10
55
41
73
62
61
74
70
28
15
66
42
56
72
60
7
71
4
68
67
3
75
65
80
77
78
1
79
11
12
8
84
76
88
0
86
83
2
91
90
81
92
22
33
14
29
25
27
28
36
39
42
41
23
17
34
21
9
30
16
32
40
56
20
37
50
43
38
47
26
19
46
53
48
51
45
31
52
35
66
12
65
57
63
61
59
24
54
44
18
62
69
5
49
0
4
58
75
64
60
10
71
76
55
7
79
73
74
85
84
67
80
6
72
82
87
15
68
88
90
91
13
3
78
89
83
8
77
81
86
95
92
63
42
60
29
46
36
39
44
47
34
30
54
49
38
27
50
40
21
41
26
24
43
32
8
14
23
9
13
33
52
22
51
35
45
19
11
57
20
48
6
25
18
28
5
16
17
31
0
55
53
12
66
77
64
79
67
74
65
58
7
59
69
61
15
70
37
2
80
73
81
56
10
75
68
72
62
89
86
78
3
90
92
76
84
85
94
4
95
88
13
42
26
33
53
46
39
34
27
18
57
19
28
24
35
41
30
51
32
49
43
54
21
45
38
40
47
50
22
31
25
15
36
59
17
55
60
64
16
29
44
37
48
68
52
5
63
73
14
69
65
56
23
61
62
9
66
12
74
58
82
84
4
11
20
71
77
67
6
76
0
1
70
75
88
3
2
79
85
80
83
8
89
87
7
81
93
94
30
37
35
39
23
24
29
31
36
32
45
48
52
34
26
12
41
40
53
43
63
14
22
57
44
61
18
50
62
47
21
69
16
9
55
28
42
25
38
51
64
49
59
33
46
54
58
66
72
67
15
20
27
19
68
56
8
17
71
77
60
10
70
4
76
1
7
13
3
5
81
65
84
74
79
11
83
6
82
88
90
75
78
93
2
0
87
95
22
36
25
55
18
46
27
48
28
49
35
23
56
43
34
47
52
33
30
41
59
58
32
42
44
11
50
66
51
21
57
40
69
31
38
29
26
24
13
45
60
15
37
65
53
64
39
71
6
19
16
14
63
54
12
61
68
0
72
82
80
17
70
7
62
75
20
87
1
10
73
77
84
88
78
8
85
67
83
86
89
79
2
81
93
9
90
76
4
91
37
34
15
49
48
42
26
30
32
36
46
52
56
28
39
44
33
45
38
50
40
43
23
25
35
22
47
31
51
57
27
24
18
4
70
20
8
67
55
53
5
21
64
17
41
63
54
69
16
66
29
58
6
60
61
59
12
71
81
74
10
68
13
9
62
7
72
19
83
78
82
14
80
11
79
65
73
90
84
76
0
93
88
91
2
85
1
13
40
46
15
25
32
37
53
44
28
47
34
48
10
14
38
55
35
17
29
41
36
58
18
39
49
33
11
50
24
26
52
31
54
27
45
51
23
60
56
68
59
2
21
42
57
22
63
64
70
43
61
4
6
62
16
30
80
73
66
67
81
12
72
9
87
0
69
77
65
79
86
19
78
82
71
75
84
7
8
74
20
54
37
32
50
41
21
31
20
59
52
39
16
35
38
56
24
51
36
42
45
43
46
60
44
40
61
25
33
29
49
27
19
71
23
63
47
48
34
53
67
66
55
58
62
82
80
69
30
73
81
18
22
13
26
11
12
78
5
72
57
76
74
7
9
28
17
8
79
6
86
14
70
10
65
84
83
88
92
87
90
47
35
45
54
23
49
12
27
30
22
57
43
62
46
17
53
39
60
41
26
61
32
10
15
50
51
37
56
38
28
42
24
31
40
6
33
36
34
59
25
44
58
16
52
29
18
55
63
66
19
69
3
67
64
20
84
13
77
68
11
48
74
81
14
7
21
75
80
71
5
76
83
70
91
73
65
9
93
90
66
47
16
29
30
50
24
32
45
44
35
57
19
7
39
33
40
71
38
59
25
62
36
28
26
52
42
49
51
15
27
43
58
31
23
56
37
63
46
55
34
20
21
10
67
17
70
60
54
69
64
6
53
48
18
41
8
22
9
3
61
2
82
76
73
83
72
13
77
68
75
74
89
65
0
4
88
12
80
1
84
16
37
36
60
33
41
49
14
50
27
32
21
57
48
59
53
29
39
45
23
38
22
44
47
40
46
42
52
6
43
24
35
34
71
15
20
63
69
26
77
31
28
51
74
67
30
76
55
56
58
12
61
10
66
68
25
7
70
54
5
13
62
11
65
19
72
90
78
75
81
3
64
87
93
82
85
17
88
79
60
49
66
37
55
39
14
59
23
28
43
46
26
18
54
44
41
51
20
24
17
38
50
32
56
10
25
48
36
64
34
31
67
42
33
40
65
22
63
45
71
52
77
58
13
27
62
35
61
76
75
47
73
16
53
30
21
57
78
29
82
12
9
80
11
19
83
69
72
1
74
70
90
17
47
38
48
39
44
53
50
33
41
19
35
21
34
55
59
32
56
58
25
22
16
61
77
62
42
52
40
68
64
57
10
74
14
18
46
72
45
26
15
66
12
37
54
63
36
27
83
51
29
43
65
30
28
3
9
60
6
23
49
70
13
24
31
79
81
75
89
93
92
73
76
2
80
20
8
1
96
50
39
55
45
13
24
47
52
19
54
17
28
27
33
25
51
32
44
38
49
43
42
16
23
59
35
34
53
30
40
58
26
57
36
66
41
29
56
82
31
37
46
60
48
61
10
68
64
15
20
85
79
75
74
73
62
72
69
65
78
81
88
21
70
67
1
63
14
3
12
77
93
6
47
40
36
39
30
14
16
22
32
52
58
21
43
20
31
38
51
29
48
25
66
59
46
72
63
49
37
35
45
41
11
78
27
53
34
70
55
57
44
42
24
61
28
56
69
12
50
73
74
33
65
23
26
67
62
68
54
0
18
60
64
71
75
91
76
77
79
28
41
54
32
53
65
59
35
52
31
55
56
11
24
45
27
21
46
36
16
70
42
60
33
44
39
57
49
63
47
34
58
50
40
48
38
22
62
29
10
43
30
26
61
68
17
7
64
25
51
83
74
15
37
14
72
20
91
19
94
80
71
92
75
6
51
44
49
54
48
37
42
31
50
61
19
33
53
17
29
18
63
59
43
62
46
27
12
7
56
34
40
26
60
41
45
36
55
52
14
16
28
64
0
71
69
8
39
30
23
68
35
58
66
76
77
38
74
11
47
32
67
22
21
15
24
70
59
24
33
57
36
61
50
65
56
46
58
14
60
76
38
51
15
54
74
37
39
45
34
63
67
7
70
48
52
49
21
28
43
25
40
27
26
62
10
29
41
31
42
32
55
47
64
35
18
44
53
23
80
72
17
22
68
73
16
77
19
20
54
26
57
59
55
44
40
13
64
41
69
33
37
43
74
45
32
36
56
34
72
22
29
39
66
42
47
12
46
24
48
62
61
38
31
70
60
25
65
35
89
5
58
53
6
67
52
73
14
21
83
80
49
50
28
95
16
63
19
20
68
79
77
71
18
75
10
12
71
25
65
31
48
29
52
49
62
33
27
32
58
50
36
43
24
67
41
46
47
61
54
34
19
40
28
37
26
53
64
23
68
82
45
66
88
55
56
63
16
51
35
14
74
44
72
57
70
18
60
11
79
39
42
38
42
41
46
52
66
58
30
38
57
36
37
20
29
80
13
25
70
12
65
39
47
31
35
50
51
49
43
18
34
69
19
45
17
71
48
68
26
53
28
67
21
55
73
40
56
59
75
63
54
9
74
11
61
24
7
32
62
23
81
60
15
22
77
78
30
56
27
22
24
70
61
29
48
43
40
85
69
42
26
57
52
68
47
38
34
46
39
41
53
31
58
78
50
65
54
44
55
62
64
51
63
49
84
33
45
59
35
37
18
60
75
28
74
35
82
51
47
71
54
59
39
30
63
62
44
50
28
36
67
68
26
65
41
31
45
57
29
37
48
49
42
17
9
52
40
43
69
64
32
61
34
55
21
53
38
22
85
77
46
18
70
82
16
80
51
42
67
56
73
59
30
39
46
74
31
63
53
19
12
72
66
52
45
41
48
18
35
23
17
15
29
43
54
60
26
61
33
75
58
36
57
20
83
78
50
14
62
85
59
57
38
29
61
62
31
24
32
47
60
43
58
71
55
56
44
54
27
51
64
72
35
45
68
53
37
52
23
34
40
33
30
21
88
45
22
71
39
70
73
30
46
56
38
43
31
52
12
48
25
65
49
67
57
63
28
62
32
64
82
