53
55
99
138
182
225
269
311
354
400
446
492
539
587
633
681
732
779
830
879
928
978
1027
1076
1127
1177
1226
1275
1325
1374
1423
1473
1523
1572
1621
1671
1719
1767
1816
1860
1904
1952
1990
2029
2064
2104
2141
2174
2206
2232
2248
2270
2286
2287
1
2
5
6
3
10
4
8
7
9
14
12
11
13
15
16
17
19
20
22
23
25
18
28
27
24
26
21
29
36
35
33
30
42
32
31
34
40
38
44
0
2
3
4
5
8
9
6
7
13
12
11
16
10
17
19
18
15
14
20
26
21
22
23
29
27
34
24
31
30
25
38
37
33
46
28
35
32
44
50
41
36
40
39
1
0
3
4
5
6
10
9
11
13
7
12
8
14
19
16
18
20
15
17
30
24
22
23
28
26
21
31
25
27
34
29
33
36
39
32
40
35
37
1
4
2
0
5
8
7
6
9
11
10
12
16
13
14
15
18
17
25
20
24
21
19
27
28
29
22
31
30
23
26
34
32
33
39
36
35
40
49
38
47
41
42
37
1
3
2
5
6
7
8
9
0
11
10
12
15
13
14
17
16
22
18
21
23
19
24
20
27
28
26
33
25
35
31
30
29
34
39
38
36
37
40
32
46
42
44
0
1
4
6
8
2
3
7
10
9
11
13
15
17
12
14
20
16
19
18
23
21
25
26
22
28
31
24
30
35
33
29
32
27
40
38
37
39
48
44
47
36
41
34
0
7
5
4
9
3
2
1
11
12
8
10
13
14
17
16
18
19
21
20
22
15
25
23
29
30
24
26
28
31
35
27
36
32
43
45
34
41
44
33
37
40
6
4
3
5
1
9
8
11
10
13
0
12
14
2
15
18
17
16
19
20
21
24
22
23
27
26
25
32
28
34
29
33
30
37
35
31
36
40
42
44
45
39
38
5
1
3
4
7
10
0
6
13
11
9
12
16
2
15
18
14
17
19
20
23
22
24
25
27
28
21
29
31
26
30
32
33
36
37
39
38
35
42
41
43
45
34
40
44
51
6
1
4
3
7
5
2
0
10
14
11
8
13
12
17
15
19
16
20
21
22
24
23
18
25
26
28
29
33
27
35
34
30
31
36
39
37
40
32
44
43
41
38
45
46
48
0
5
7
8
2
6
4
11
9
12
3
13
17
14
15
18
16
1
19
23
22
21
25
20
26
28
29
27
24
32
31
34
33
35
30
37
36
38
44
40
43
47
41
46
42
45
6
7
4
3
2
12
5
10
8
9
15
16
14
1
17
0
18
20
13
22
19
21
24
25
26
23
28
29
31
27
30
34
32
33
35
38
39
37
41
36
40
43
46
44
47
45
42
6
11
4
7
10
13
3
2
8
15
1
0
9
14
5
18
16
17
20
23
19
22
21
25
26
28
29
27
30
31
24
32
34
33
35
36
39
37
38
40
43
41
42
44
46
45
50
47
7
8
2
6
12
5
3
9
10
1
15
16
18
4
0
14
11
19
21
22
17
20
24
25
23
27
29
26
28
31
30
32
34
35
33
36
39
37
38
42
41
40
44
46
47
45
9
7
6
10
2
0
3
12
11
4
8
5
13
16
15
20
18
1
22
17
21
19
24
23
26
28
27
25
29
30
32
31
33
34
36
35
37
41
38
40
42
39
45
46
47
43
48
50
4
7
5
11
8
13
12
10
3
9
17
18
0
21
19
16
14
1
2
6
24
22
20
23
26
25
28
30
27
29
33
31
34
36
32
35
37
39
38
41
40
45
44
42
47
48
49
43
50
46
51
3
8
11
13
6
2
7
14
12
9
10
0
1
15
5
20
4
17
19
23
22
18
24
21
26
25
30
29
31
27
32
28
33
35
37
36
34
38
39
41
42
45
40
47
43
50
51
10
7
6
9
5
11
15
8
19
18
1
20
4
12
23
16
13
0
3
22
14
24
2
26
25
27
29
21
28
30
31
32
33
36
35
34
38
39
37
40
42
41
44
45
46
48
47
49
50
51
43
7
13
6
8
12
10
15
11
17
3
2
14
1
4
5
16
9
21
20
24
19
26
23
27
22
28
29
0
31
30
25
32
34
33
35
36
40
38
37
41
42
43
45
39
44
46
48
51
49
2
7
9
17
6
8
15
1
13
11
10
5
16
12
22
14
20
0
21
18
4
25
23
26
27
3
28
24
29
33
30
32
31
35
36
37
38
34
39
40
41
43
42
44
47
45
46
48
49
5
7
11
17
9
8
16
14
12
2
6
13
23
19
24
3
15
21
27
18
10
0
1
26
25
22
28
29
4
31
30
32
33
34
36
37
35
38
39
40
43
41
44
42
47
45
46
49
48
51
15
6
13
9
11
7
10
12
14
5
26
18
20
4
16
19
23
24
3
1
22
29
17
27
25
8
30
32
2
33
31
28
34
0
36
35
37
38
40
39
41
43
44
45
47
46
48
42
51
11
4
13
9
6
16
10
17
14
12
19
7
8
23
15
0
18
25
26
27
20
1
21
5
28
2
3
24
30
31
32
35
29
33
37
34
39
36
38
41
40
42
44
45
46
47
43
48
50
17
12
16
10
8
5
20
9
7
22
15
11
14
13
4
21
18
19
27
0
6
25
1
24
2
28
26
31
30
3
33
32
29
35
36
38
37
34
40
39
41
42
43
44
45
47
46
48
51
49
50
7
11
13
9
8
20
15
17
16
14
18
21
3
26
19
4
2
23
25
22
10
12
5
6
27
30
29
28
35
33
0
1
31
32
34
38
37
36
40
39
41
42
43
44
46
45
47
50
49
48
3
12
10
6
13
5
11
8
9
16
15
19
17
20
22
23
14
28
7
21
0
24
30
18
26
31
32
4
2
34
29
35
1
33
27
37
39
38
40
41
36
43
44
42
45
47
48
49
50
21
11
16
17
18
14
20
15
9
19
1
10
12
5
22
13
7
24
30
23
8
2
25
27
6
4
3
33
36
28
29
0
34
32
37
39
38
31
35
40
43
41
45
42
44
47
48
46
51
20
28
7
13
8
18
23
14
19
22
17
3
12
21
10
15
16
11
32
24
4
1
26
9
0
34
30
2
29
6
36
31
37
25
5
38
39
40
35
41
42
33
44
45
46
43
49
50
47
48
27
11
14
12
15
18
25
10
8
19
31
9
5
20
22
3
17
13
23
2
30
16
4
7
24
21
6
0
34
26
32
33
35
36
39
29
37
41
38
40
44
43
45
1
42
47
46
50
51
13
12
11
10
6
17
18
21
16
3
20
14
9
8
15
19
1
24
23
26
25
7
31
0
22
27
34
36
37
30
5
38
4
28
2
35
33
32
41
39
44
40
45
42
46
47
48
51
43
2
16
15
26
17
21
12
18
13
25
14
23
6
19
3
20
28
11
24
22
8
5
33
34
27
9
1
7
31
29
32
10
4
39
35
0
37
41
43
38
42
36
44
40
47
45
46
48
51
50
28
13
5
12
18
16
23
3
8
11
20
17
19
15
14
22
10
21
25
6
1
24
34
2
29
4
9
30
27
35
33
7
32
39
26
36
38
41
42
40
37
0
45
43
47
44
46
49
48
50
7
18
19
27
21
16
13
20
14
10
12
17
8
23
22
25
24
28
11
15
35
26
30
34
33
36
5
31
6
29
3
40
38
0
37
39
9
42
4
45
1
2
43
44
49
41
46
50
51
19
15
9
14
16
21
23
20
26
17
4
24
10
8
30
18
28
12
11
7
22
13
5
25
32
31
38
0
34
39
29
36
40
2
3
1
41
35
27
42
37
43
45
46
47
44
6
50
51
1
11
10
18
12
13
20
28
27
31
24
7
21
9
25
15
30
26
14
16
29
3
32
22
17
2
37
4
23
19
33
36
39
35
43
38
6
40
0
44
46
41
8
49
47
50
45
5
42
51
24
19
13
9
12
10
22
11
16
23
4
6
25
28
15
18
32
5
14
17
21
20
31
7
39
38
0
29
30
26
42
36
37
8
34
27
40
33
3
47
41
1
45
48
43
2
50
46
26
17
19
23
16
15
21
20
8
9
14
29
27
18
6
12
32
13
40
24
28
22
0
7
34
33
4
31
35
42
25
38
10
11
2
39
30
37
44
3
45
43
46
1
5
49
47
48
16
22
19
29
23
20
8
15
26
34
12
27
7
21
25
24
11
10
14
17
28
13
9
30
18
1
35
4
32
42
31
39
43
41
5
36
38
44
33
46
40
45
48
47
3
2
6
51
50
23
24
29
20
12
11
21
26
17
35
19
33
22
1
16
15
27
18
8
25
28
4
5
14
31
13
32
39
36
42
10
34
30
37
40
41
9
45
3
7
0
49
43
47
12
15
13
26
25
22
4
11
35
28
17
8
30
31
16
19
23
9
33
20
27
24
34
21
38
29
32
14
37
36
3
18
2
5
42
7
44
47
46
40
45
1
48
50
36
23
18
21
17
19
24
5
25
20
33
14
32
7
9
27
28
22
12
35
31
26
11
4
15
10
34
45
30
13
16
38
29
3
37
2
0
48
39
8
1
42
47
44
41
50
46
6
28
19
14
23
11
16
30
15
22
24
25
18
31
29
21
17
27
20
33
12
8
26
13
37
6
35
43
9
38
46
10
34
1
32
3
5
40
44
0
17
35
23
36
31
16
18
14
37
38
8
22
27
32
12
19
24
7
13
30
33
26
25
20
28
29
15
39
4
43
3
49
11
48
40
10
34
21
20
34
12
18
30
23
6
25
26
19
21
24
28
37
11
10
8
33
9
31
41
36
32
22
14
35
42
27
16
38
15
48
29
45
17
28
21
9
22
10
24
17
12
29
30
20
25
23
27
36
7
26
37
13
15
18
6
19
34
1
31
11
39
33
4
5
32
48
0
46
50
40
52
8
41
6
21
18
17
14
16
26
15
31
28
40
27
22
36
23
32
33
29
25
7
24
30
9
38
35
19
20
8
37
12
11
39
34
13
47
10
43
1
24
18
4
13
12
22
23
34
36
17
14
11
37
30
41
29
31
9
27
33
28
26
20
21
19
39
32
44
10
40
35
15
35
23
22
28
16
30
21
19
31
20
14
10
29
26
25
33
39
15
13
5
11
3
34
36
24
17
37
27
12
40
38
45
18
22
35
30
26
5
15
23
29
25
40
14
44
31
17
21
37
36
19
42
20
27
39
43
24
9
3
34
31
32
20
38
42
27
36
25
24
15
19
17
23
18
1
24
28
34
31
27
14
12
30
35
22
44
40
17
16
33
15
25
23
32
39
37
30
29
16
23
18
34
20
21
8
28
37
15
32
26
17
33
44
