19
21
32
46
62
75
88
104
121
136
151
166
179
193
205
214
223
228
232
233
1
2
5
6
3
10
4
8
7
9
14
12
0
2
3
4
5
8
9
6
7
13
12
1
0
3
4
5
6
10
9
11
13
7
12
8
14
1
4
2
0
5
8
7
6
9
11
10
12
16
13
14
15
1
3
2
5
6
7
8
9
0
11
10
12
15
0
1
4
6
8
2
3
7
10
9
11
13
15
0
7
5
4
9
3
2
1
11
12
8
10
13
14
17
16
6
4
3
5
1
9
8
11
10
13
0
12
14
2
15
18
17
5
1
3
4
7
10
0
6
13
11
9
12
16
2
15
6
1
4
3
7
5
2
0
10
14
11
8
13
12
17
0
5
7
8
2
6
4
11
9
12
3
13
17
14
15
6
7
4
3
2
12
5
10
8
9
15
16
14
6
11
4
7
10
13
3
2
8
15
1
0
9
14
7
8
2
6
12
5
3
9
10
1
15
16
9
7
6
10
2
0
3
12
11
4
7
5
11
8
13
12
10
3
3
8
11
13
6
10
7
6
9
7
