21
23
35
51
67
82
99
117
136
155
173
190
207
224
240
254
267
279
288
296
302
303
1
2
5
6
3
10
4
8
7
9
14
12
11
13
15
16
0
2
3
4
5
8
9
6
7
13
12
11
1
0
3
4
5
6
10
9
11
13
7
12
8
14
19
16
1
4
2
0
5
8
7
6
9
11
10
12
16
13
14
15
1
3
2
5
6
7
8
9
0
11
10
12
15
13
14
0
1
4
6
8
2
3
7
10
9
11
13
15
17
12
14
20
0
7
5
4
9
3
2
1
11
12
8
10
13
14
17
16
18
19
6
4
3
5
1
9
8
11
10
13
0
12
14
2
15
18
17
16
19
5
1
3
4
7
10
0
6
13
11
9
12
16
2
15
18
14
17
19
6
1
4
3
7
5
2
0
10
14
11
8
13
12
17
15
19
16
0
5
7
8
2
6
4
11
9
12
3
13
17
14
15
18
16
6
7
4
3
2
12
5
10
8
9
15
16
14
1
17
0
18
6
11
4
7
10
13
3
2
8
15
1
0
9
14
5
18
16
7
8
2
6
12
5
3
9
10
1
15
16
18
4
0
14
9
7
6
10
2
0
3
12
11
4
8
5
13
16
4
7
5
11
8
13
12
10
3
9
17
18
0
3
8
11
13
6
2
7
14
12
9
10
0
10
7
6
9
5
11
15
8
19
7
13
6
8
12
10
15
11
2
7
9
17
6
8
5
