24
26
45
64
82
101
120
141
162
182
203
222
244
263
284
302
321
340
359
373
386
397
403
408
409
1
2
5
6
3
10
4
8
7
9
14
12
11
13
15
16
17
0
2
3
4
5
8
9
6
7
13
12
11
16
10
17
19
18
15
14
1
0
3
4
5
6
10
9
11
13
7
12
8
14
19
16
18
20
15
1
4
2
0
5
8
7
6
9
11
10
12
16
13
14
15
18
17
1
3
2
5
6
7
8
9
0
11
10
12
15
13
14
17
16
22
18
0
1
4
6
8
2
3
7
10
9
11
13
15
17
12
14
20
16
19
0
7
5
4
9
3
2
1
11
12
8
10
13
14
17
16
18
19
21
20
22
6
4
3
5
1
9
8
11
10
13
0
12
14
2
15
18
17
16
19
20
21
5
1
3
4
7
10
0
6
13
11
9
12
16
2
15
18
14
17
19
20
6
1
4
3
7
5
2
0
10
14
11
8
13
12
17
15
19
16
20
21
22
0
5
7
8
2
6
4
11
9
12
3
13
17
14
15
18
16
1
19
6
7
4
3
2
12
5
10
8
9
15
16
14
1
17
0
18
20
13
22
19
21
6
11
4
7
10
13
3
2
8
15
1
0
9
14
5
18
16
17
20
7
8
2
6
12
5
3
9
10
1
15
16
18
4
0
14
11
19
21
22
17
9
7
6
10
2
0
3
12
11
4
8
5
13
16
15
20
18
1
4
7
5
11
8
13
12
10
3
9
17
18
0
21
19
16
14
1
2
3
8
11
13
6
2
7
14
12
9
10
0
1
15
5
20
4
17
19
10
7
6
9
5
11
15
8
19
18
1
20
4
12
23
16
13
0
3
7
13
6
8
12
10
15
11
17
3
2
14
1
4
2
7
9
17
6
8
15
1
13
11
10
5
16
5
7
11
17
9
8
16
14
12
2
6
15
6
13
9
11
7
11
4
13
9
6
17
