43
45
77
109
142
179
215
249
287
324
362
398
437
476
514
554
594
634
674
713
754
794
833
873
914
954
993
1032
1069
1108
1146
1184
1221
1253
1286
1319
1349
1377
1402
1427
1450
1465
1474
1475
1
2
5
6
3
10
4
8
7
9
14
12
11
13
15
16
17
19
20
22
23
25
18
28
27
24
26
21
29
36
35
33
30
42
0
2
3
4
5
8
9
6
7
13
12
11
16
10
17
19
18
15
14
20
26
21
22
23
29
27
34
24
31
30
25
38
1
0
3
4
5
6
10
9
11
13
7
12
8
14
19
16
18
20
15
17
30
24
22
23
28
26
21
31
25
27
34
29
1
4
2
0
5
8
7
6
9
11
10
12
16
13
14
15
18
17
25
20
24
21
19
27
28
29
22
31
30
23
26
34
32
1
3
2
5
6
7
8
9
0
11
10
12
15
13
14
17
16
22
18
21
23
19
24
20
27
28
26
33
25
35
31
30
29
34
39
38
36
0
1
4
6
8
2
3
7
10
9
11
13
15
17
12
14
20
16
19
18
23
21
25
26
22
28
31
24
30
35
33
29
32
27
40
38
0
7
5
4
9
3
2
1
11
12
8
10
13
14
17
16
18
19
21
20
22
15
25
23
29
30
24
26
28
31
35
27
36
32
6
4
3
5
1
9
8
11
10
13
0
12
14
2
15
18
17
16
19
20
21
24
22
23
27
26
25
32
28
34
29
33
30
37
35
31
36
40
5
1
3
4
7
10
0
6
13
11
9
12
16
2
15
18
14
17
19
20
23
22
24
25
27
28
21
29
31
26
30
32
33
36
37
39
38
6
1
4
3
7
5
2
0
10
14
11
8
13
12
17
15
19
16
20
21
22
24
23
18
25
26
28
29
33
27
35
34
30
31
36
39
37
40
0
5
7
8
2
6
4
11
9
12
3
13
17
14
15
18
16
1
19
23
22
21
25
20
26
28
29
27
24
32
31
34
33
35
30
37
6
7
4
3
2
12
5
10
8
9
15
16
14
1
17
0
18
20
13
22
19
21
24
25
26
23
28
29
31
27
30
34
32
33
35
38
39
37
41
6
11
4
7
10
13
3
2
8
15
1
0
9
14
5
18
16
17
20
23
19
22
21
25
26
28
29
27
30
31
24
32
34
33
35
36
39
37
38
7
8
2
6
12
5
3
9
10
1
15
16
18
4
0
14
11
19
21
22
17
20
24
25
23
27
29
26
28
31
30
32
34
35
33
36
39
37
9
7
6
10
2
0
3
12
11
4
8
5
13
16
15
20
18
1
22
17
21
19
24
23
26
28
27
25
29
30
32
31
33
34
36
35
37
41
38
40
4
7
5
11
8
13
12
10
3
9
17
18
0
21
19
16
14
1
2
6
24
22
20
23
26
25
28
30
27
29
33
31
34
36
32
35
37
39
38
41
3
8
11
13
6
2
7
14
12
9
10
0
1
15
5
20
4
17
19
23
22
18
24
21
26
25
30
29
31
27
32
28
33
35
37
36
34
38
39
41
10
7
6
9
5
11
15
8
19
18
1
20
4
12
23
16
13
0
3
22
14
24
2
26
25
27
29
21
28
30
31
32
33
36
35
34
38
39
37
40
7
13
6
8
12
10
15
11
17
3
2
14
1
4
5
16
9
21
20
24
19
26
23
27
22
28
29
0
31
30
25
32
34
33
35
36
40
38
37
2
7
9
17
6
8
15
1
13
11
10
5
16
12
22
14
20
0
21
18
4
25
23
26
27
3
28
24
29
33
30
32
31
35
36
37
38
34
39
40
41
5
7
11
17
9
8
16
14
12
2
6
13
23
19
24
3
15
21
27
18
10
0
1
26
25
22
28
29
4
31
30
32
33
34
36
37
35
38
39
40
15
6
13
9
11
7
10
12
14
5
26
18
20
4
16
19
23
24
3
1
22
29
17
27
25
8
30
32
2
33
31
28
34
0
36
35
37
38
40
11
4
13
9
6
16
10
17
14
12
19
7
8
23
15
0
18
25
26
27
20
1
21
5
28
2
3
24
30
31
32
35
29
33
37
34
39
36
38
41
17
12
16
10
8
5
20
9
7
22
15
11
14
13
4
21
18
19
27
0
6
25
1
24
2
28
26
31
30
3
33
32
29
35
36
38
37
34
40
39
41
7
11
13
9
8
20
15
17
16
14
18
21
3
26
19
4
2
23
25
22
10
12
5
6
27
30
29
28
35
33
0
1
31
32
34
38
37
36
40
39
3
12
10
6
13
5
11
8
9
16
15
19
17
20
22
23
14
28
7
21
0
24
30
18
26
31
32
4
2
34
29
35
1
33
27
37
39
38
40
21
11
16
17
18
14
20
15
9
19
1
10
12
5
22
13
7
24
30
23
8
2
25
27
6
4
3
33
36
28
29
0
34
32
37
39
38
31
35
20
28
7
13
8
18
23
14
19
22
17
3
12
21
10
15
16
11
32
24
4
1
26
9
0
34
30
2
29
6
36
31
37
25
5
38
39
27
11
14
12
15
18
25
10
8
19
31
9
5
20
22
3
17
13
23
2
30
16
4
7
24
21
6
0
34
26
32
33
35
36
39
29
37
41
38
13
12
11
10
6
17
18
21
16
3
20
14
9
8
15
19
1
24
23
26
25
7
31
0
22
27
34
36
37
30
5
38
4
28
2
35
33
32
2
16
15
26
17
21
12
18
13
25
14
23
6
19
3
20
28
11
24
22
8
5
33
34
27
9
1
7
31
29
32
10
4
39
35
0
37
41
28
13
5
12
18
16
23
3
8
11
20
17
19
15
14
22
10
21
25
6
1
24
34
2
29
4
9
30
27
35
33
7
32
39
26
36
38
7
18
19
27
21
16
13
20
14
10
12
17
8
23
22
25
24
28
11
15
35
26
30
34
33
36
5
31
6
29
3
40
19
15
9
14
16
21
23
20
26
17
4
24
10
8
30
18
28
12
11
7
22
13
5
25
32
31
38
0
34
39
29
36
40
1
11
10
18
12
13
20
28
27
31
24
7
21
9
25
15
30
26
14
16
29
3
32
22
17
2
37
4
23
19
33
36
39
24
19
13
9
12
10
22
11
16
23
4
6
25
28
15
18
32
5
14
17
21
20
31
7
39
38
0
29
30
26
26
17
19
23
16
15
21
20
8
9
14
29
27
18
6
12
32
13
40
24
28
22
0
7
34
33
4
31
16
22
19
29
23
20
8
15
26
34
12
27
7
21
25
24
11
10
14
17
28
13
9
30
18
23
24
29
20
12
11
21
26
17
35
19
33
22
1
16
15
27
18
8
25
28
4
5
14
31
12
15
13
26
25
22
4
11
35
28
17
8
30
31
16
19
23
9
33
20
27
24
34
36
23
18
21
17
19
24
5
25
20
33
14
32
7
9
28
19
14
23
11
16
30
15
22
0
