20
22
41
60
79
98
117
136
155
174
193
212
231
250
269
288
307
326
345
364
383
1
2
3
4
5
6
7
8
9
10
11
12
13
14
15
16
17
18
19
0
2
3
4
5
6
7
8
9
10
11
12
13
14
15
16
17
18
19
0
1
3
4
5
6
7
8
9
10
11
12
13
14
15
16
17
18
19
0
1
2
4
5
6
7
8
9
10
11
12
13
14
15
16
17
18
19
0
1
2
3
5
6
7
8
9
10
11
12
13
14
15
16
17
18
19
0
1
2
3
4
6
7
8
9
10
11
12
13
14
15
16
17
18
19
0
1
2
3
4
5
7
8
9
10
11
12
13
14
15
16
17
18
19
0
1
2
3
4
5
6
8
9
10
11
12
13
14
15
16
17
18
19
0
1
2
3
4
5
6
7
9
10
11
12
13
14
15
16
17
18
19
0
1
2
3
4
5
6
7
8
10
11
12
13
14
15
16
17
18
19
0
1
2
3
4
5
6
7
8
9
11
12
13
14
15
16
17
18
19
0
1
2
3
4
5
6
7
8
9
10
12
13
14
15
16
17
18
19
0
1
2
3
4
5
6
7
8
9
10
11
13
14
15
16
17
18
19
0
1
2
3
4
5
6
7
8
9
10
11
12
14
15
16
17
18
19
0
1
2
3
4
5
6
7
8
9
10
11
12
13
15
16
17
18
19
0
1
2
3
4
5
6
7
8
9
10
11
12
13
14
16
17
18
19
0
1
2
3
4
5
6
7
8
9
10
11
12
13
14
15
17
18
19
0
1
2
3
4
5
6
7
8
9
10
11
12
13
14
15
16
18
19
0
1
2
3
4
5
6
7
8
9
10
11
12
13
14
15
16
17
19
0
1
2
3
4
5
6
7
8
9
10
11
12
13
14
15
16
17
18
