16
18
33
48
63
78
93
108
123
138
153
168
183
198
213
228
243
1
2
3
4
5
6
7
8
9
10
11
12
13
14
15
0
2
3
4
5
6
7
8
9
10
11
12
13
14
15
0
1
3
4
5
6
7
8
9
10
11
12
13
14
15
0
1
2
4
5
6
7
8
9
10
11
12
13
14
15
0
1
2
3
5
6
7
8
9
10
11
12
13
14
15
0
1
2
3
4
6
7
8
9
10
11
12
13
14
15
0
1
2
3
4
5
7
8
9
10
11
12
13
14
15
0
1
2
3
4
5
6
8
9
10
11
12
13
14
15
0
1
2
3
4
5
6
7
9
10
11
12
13
14
15
0
1
2
3
4
5
6
7
8
10
11
12
13
14
15
0
1
2
3
4
5
6
7
8
9
11
12
13
14
15
0
1
2
3
4
5
6
7
8
9
10
12
13
14
15
0
1
2
3
4
5
6
7
8
9
10
11
13
14
15
0
1
2
3
4
5
6
7
8
9
10
11
12
14
15
0
1
2
3
4
5
6
7
8
9
10
11
12
13
15
0
1
2
3
4
5
6
7
8
9
10
11
12
13
14
